##by hand
Theta_0 = -1.48012000000e-17
Theta_1 = 0.00585772000000
Theta_2 = -4.82795000000e-17
Theta_3 = -1.33551000000e-17
Theta_4 = -4.41831000000e-17
Theta_5 = 3.32071000000e-18
Theta_6 = 4.09109000000e-18
Theta_7 = -0.000114329000000
Theta_8 = -0.00672715000000
Theta_9 = 0.000983753000000
