# TIME: 0.00062000000000001
#  x     Variables:...

 0   1000  0  0.8  0.2  
 0.0003125   1011.7865109442  0.0028785237167713  0.92701353461378  0.070107942301805  
 0.000625   454.74750446707  9.1893922902485e-06  0.80409100886146  0.19589980161125  
 0.0009375   334.07758755144  2.8596000254397e-08  0.80018739391311  0.19981257749068  
 0.00125   306.06667618987  7.0185979331946e-11  0.80000973723641  0.19999026269341  
 0.0015625   300.88727521942  2.6393935130611e-13  0.8000005040242  0.19999949597554  
 0.001875   300.10977998286  9.0836318470092e-14  0.80000002493603  0.19999997506388  
 0.0021875   300.01175701574  8.9227223546849e-14  0.80000000117339  0.19999999882653  
 0.0025   300.00110944062  8.9094041770956e-14  0.80000000006069  0.19999999993923  
 0.0028125   300.00009357721  8.9081435247013e-14  0.80000000001162  0.1999999999883  
 0.003125   300.00000715963  8.9080363483712e-14  0.80000000000958  0.19999999999034  
 0.0034375   300.00000052589  8.9080281240521e-14  0.8000000000095  0.19999999999042  
 0.00375   300.00000006185  8.9080275489534e-14  0.8000000000095  0.19999999999043  
 0.0040625   300.00000003203  8.908027512009e-14  0.8000000000095  0.19999999999043  
 0.004375   300.00000003026  8.9080275098137e-14  0.8000000000095  0.19999999999043  
 0.0046875   300.00000003016  8.9080275096922e-14  0.8000000000095  0.19999999999043  
 0.005   300.00000003016  8.9080275096863e-14  0.8000000000095  0.19999999999043  
 0.0053125   300.00000003016  8.9080275096863e-14  0.8000000000095  0.19999999999043  
 0.005625   300.00000003016  8.9080275096863e-14  0.8000000000095  0.19999999999043  
 0.0059375   300.00000003016  8.9080275096863e-14  0.8000000000095  0.19999999999043  
 0.00625   300.00000003016  8.9080275096863e-14  0.8000000000095  0.19999999999043  
 0.0065625   300.00000003016  8.9080275096863e-14  0.8000000000095  0.19999999999043  
 0.006875   300.00000003016  8.9080275096863e-14  0.8000000000095  0.19999999999043  
 0.0071875   300.00000003016  8.9080275096863e-14  0.8000000000095  0.19999999999043  
 0.0075   300.00000003016  8.9080275096863e-14  0.8000000000095  0.19999999999043  
 0.0078125   300.00000003016  8.9080275096863e-14  0.8000000000095  0.19999999999043  
 0.008125   300.00000003016  8.9080275096863e-14  0.8000000000095  0.19999999999043  
 0.0084375   300.00000003016  8.9080275096863e-14  0.8000000000095  0.19999999999043  
 0.00875   300.00000003016  8.9080275096863e-14  0.8000000000095  0.19999999999043  
 0.0090625   300.00000003016  8.9080275096863e-14  0.8000000000095  0.19999999999043  
 0.009375   300.00000003016  8.9080275096863e-14  0.8000000000095  0.19999999999043  
 0.0096875   300.00000003016  8.9080275096863e-14  0.8000000000095  0.19999999999043  
 0.01   300.00000003016  8.9080275096863e-14  0.8000000000095  0.19999999999043  
 0.0103125   300.00000003016  8.9080275096863e-14  0.8000000000095  0.19999999999043  
 0.010625   300.00000003016  8.9080275096863e-14  0.8000000000095  0.19999999999043  
 0.0109375   300.00000003016  8.9080275096863e-14  0.8000000000095  0.19999999999043  
 0.01125   300.00000003016  8.9080275096863e-14  0.8000000000095  0.19999999999043  
 0.0115625   300.00000003016  8.9080275096863e-14  0.8000000000095  0.19999999999043  
 0.011875   300.00000003016  8.9080275096863e-14  0.8000000000095  0.19999999999043  
 0.0121875   300.00000003016  8.9080275096863e-14  0.8000000000095  0.19999999999043  
 0.0125   300.00000003016  8.9080275096863e-14  0.8000000000095  0.19999999999043  
 0.0128125   300.00000003016  8.9080275096863e-14  0.8000000000095  0.19999999999043  
 0.013125   300.00000003016  8.9080275096863e-14  0.8000000000095  0.19999999999043  
 0.0134375   300.00000003016  8.9080275096863e-14  0.8000000000095  0.19999999999043  
 0.01375   300.00000003016  8.9080275096863e-14  0.8000000000095  0.19999999999043  
 0.0140625   300.00000003016  8.9080275096863e-14  0.8000000000095  0.19999999999043  
 0.014375   300.00000003016  8.9080275096863e-14  0.8000000000095  0.19999999999043  
 0.0146875   300.00000003016  8.9080275096863e-14  0.8000000000095  0.19999999999043  
 0.015   300.00000003016  8.9080275096863e-14  0.8000000000095  0.19999999999043  
 0.0153125   300.00000003016  8.9080275096863e-14  0.8000000000095  0.19999999999043  
 0.015625   300.00000003016  8.9080275096863e-14  0.8000000000095  0.19999999999043  
 0.0159375   300.00000003016  8.9080275096863e-14  0.8000000000095  0.19999999999043  
 0.01625   300.00000003016  8.9080275096863e-14  0.8000000000095  0.19999999999043  
 0.0165625   300.00000003016  8.9080275096863e-14  0.8000000000095  0.19999999999043  
 0.016875   300.00000003016  8.9080275096863e-14  0.8000000000095  0.19999999999043  
 0.0171875   300.00000003016  8.9080275096863e-14  0.8000000000095  0.19999999999043  
 0.0175   300.00000003016  8.9080275096863e-14  0.8000000000095  0.19999999999043  
 0.0178125   300.00000003016  8.9080275096863e-14  0.8000000000095  0.19999999999043  
 0.018125   300.00000003016  8.9080275096863e-14  0.8000000000095  0.19999999999043  
 0.0184375   300.00000003016  8.9080275096863e-14  0.8000000000095  0.19999999999043  
 0.01875   300.00000003016  8.9080275096863e-14  0.8000000000095  0.19999999999043  
 0.0190625   300.00000003016  8.9080275096863e-14  0.8000000000095  0.19999999999043  
 0.019375   300.00000003016  8.9080275096863e-14  0.8000000000095  0.19999999999043  
 0.0196875   300.00000003016  8.9080275096863e-14  0.8000000000095  0.19999999999043  
 0.02   300  0  0.8  0.2  
