# TIME: 0.0027
#  x     Variables:...

 0   1000  0  0.8  0.2  
 0.0003125   1180.0017678935  0.0075966745502924  0.99171838841704  0.00068602894681927  
 0.000625   1150.9334317634  0.0035113057528008  0.99640535045538  8.3396851422058e-05  
 0.0009375   1086.7721639212  0.0015880462167883  0.99833491298267  7.7068414752498e-05  
 0.00125   1007.1490725671  0.00073075799937534  0.99917457223836  9.4688677149485e-05  
 0.0015625   924.47690171112  0.00066649256632738  0.99909680968811  0.00023669419902912  
 0.001875   694.70283349251  5.5083480652504e-05  0.90009898735625  0.099845900201962  
 0.0021875   453.76533521274  3.098437954947e-07  0.83027122719446  0.1697284629452  
 0.0025   349.86002264173  1.5049205238057e-09  0.80804263130881  0.19195736718622  
 0.0028125   314.5127866165  5.6783212327207e-12  0.80194187486824  0.19805812512609  
 0.003125   303.90450998819  1.6754916521067e-13  0.80043143833046  0.19956856166939  
 0.0034375   300.98153445528  1.0212187419138e-13  0.80008863447481  0.1999113655251  
 0.00375   300.23188969142  9.1999549341607e-14  0.80001690454922  0.19998309545071  
 0.0040625   300.05170742851  8.9723594601735e-14  0.8000030056188  0.19999699438113  
 0.004375   300.01091995041  8.9215815165502e-14  0.80000050024541  0.19999949975453  
 0.0046875   300.00219036813  8.9107454754508e-14  0.80000007825809  0.19999992174185  
 0.005   300.00041832693  8.9085466374562e-14  0.80000001157247  0.19999998842747  
 0.0053125   300.00007629052  8.9081221672013e-14  0.80000000164882  0.19999999835112  
 0.005625   300.00001338333  8.9080440852167e-14  0.80000000025354  0.19999999974642  
 0.0059375   300.00000233927  8.9080303751694e-14  0.80000000006762  0.19999999993234  
 0.00625   300.0000004856  8.9080280738269e-14  0.80000000004408  0.19999999995588  
 0.0065625   300.00000018775  8.9080277040105e-14  0.80000000004125  0.19999999995872  
 0.006875   300.00000014186  8.9080276470436e-14  0.80000000004093  0.19999999995904  
 0.0071875   300.00000013508  8.9080276386203e-14  0.80000000004091  0.19999999995908  
 0.0075   300.00000013412  8.9080276374232e-14  0.80000000004091  0.19999999995908  
 0.0078125   300.00000013398  8.9080276372595e-14  0.80000000004091  0.19999999995908  
 0.008125   300.00000013397  8.9080276372368e-14  0.80000000004091  0.19999999995908  
 0.0084375   300.00000013397  8.9080276372367e-14  0.80000000004091  0.19999999995908  
 0.00875   300.00000013397  8.9080276372367e-14  0.80000000004091  0.19999999995908  
 0.0090625   300.00000013397  8.9080276372367e-14  0.80000000004091  0.19999999995908  
 0.009375   300.00000013397  8.9080276372367e-14  0.80000000004091  0.19999999995908  
 0.0096875   300.00000013397  8.9080276372367e-14  0.80000000004091  0.19999999995908  
 0.01   300.00000013397  8.9080276372367e-14  0.80000000004091  0.19999999995908  
 0.0103125   300.00000013397  8.9080276372367e-14  0.80000000004091  0.19999999995908  
 0.010625   300.00000013397  8.9080276372367e-14  0.80000000004091  0.19999999995908  
 0.0109375   300.00000013397  8.9080276372367e-14  0.80000000004091  0.19999999995908  
 0.01125   300.00000013397  8.9080276372367e-14  0.80000000004091  0.19999999995908  
 0.0115625   300.00000013397  8.9080276372367e-14  0.80000000004091  0.19999999995908  
 0.011875   300.00000013397  8.9080276372367e-14  0.80000000004091  0.19999999995908  
 0.0121875   300.00000013397  8.9080276372367e-14  0.80000000004091  0.19999999995908  
 0.0125   300.00000013397  8.9080276372367e-14  0.80000000004091  0.19999999995908  
 0.0128125   300.00000013397  8.9080276372367e-14  0.80000000004091  0.19999999995908  
 0.013125   300.00000013397  8.9080276372367e-14  0.80000000004091  0.19999999995908  
 0.0134375   300.00000013397  8.9080276372367e-14  0.80000000004091  0.19999999995908  
 0.01375   300.00000013397  8.9080276372367e-14  0.80000000004091  0.19999999995908  
 0.0140625   300.00000013397  8.9080276372367e-14  0.80000000004091  0.19999999995908  
 0.014375   300.00000013397  8.9080276372367e-14  0.80000000004091  0.19999999995908  
 0.0146875   300.00000013397  8.9080276372367e-14  0.80000000004091  0.19999999995908  
 0.015   300.00000013397  8.9080276372367e-14  0.80000000004091  0.19999999995908  
 0.0153125   300.00000013397  8.9080276372367e-14  0.80000000004091  0.19999999995908  
 0.015625   300.00000013397  8.9080276372367e-14  0.80000000004091  0.19999999995908  
 0.0159375   300.00000013397  8.9080276372367e-14  0.80000000004091  0.19999999995908  
 0.01625   300.00000013397  8.9080276372367e-14  0.80000000004091  0.19999999995908  
 0.0165625   300.00000013397  8.9080276372367e-14  0.80000000004091  0.19999999995908  
 0.016875   300.00000013397  8.9080276372367e-14  0.80000000004091  0.19999999995908  
 0.0171875   300.00000013397  8.9080276372367e-14  0.80000000004091  0.19999999995908  
 0.0175   300.00000013397  8.9080276372367e-14  0.80000000004091  0.19999999995908  
 0.0178125   300.00000013397  8.9080276372367e-14  0.80000000004091  0.19999999995908  
 0.018125   300.00000013397  8.9080276372367e-14  0.80000000004091  0.19999999995908  
 0.0184375   300.00000013397  8.9080276372367e-14  0.80000000004091  0.19999999995908  
 0.01875   300.00000013397  8.9080276372367e-14  0.80000000004091  0.19999999995908  
 0.0190625   300.00000013397  8.9080276372367e-14  0.80000000004091  0.19999999995908  
 0.019375   300.00000013397  8.9080276372367e-14  0.80000000004091  0.19999999995908  
 0.0196875   300.00000013397  8.9080276372367e-14  0.80000000004091  0.19999999995908  
 0.02   300  0  0.8  0.2  
