# TIME: 0.0024
#  x     Variables:...

 0   1000  0  0.8  0.2  
 0.0003125   1174.2183177534  0.0073700110199962  0.99191914236672  0.00071178453916792  
 0.000625   1135.6197271664  0.0032618748362849  0.99664832559567  8.9852303454298e-05  
 0.0009375   1060.9318051105  0.0013982582713031  0.99851200345646  8.976584858513e-05  
 0.00125   965.89308977972  0.00072219761693381  0.99912213863871  0.00015568252047917  
 0.0015625   925.90281465532  0.001262048029675  0.98904669058756  0.0096912138156801  
 0.001875   531.84134817962  5.8798283854623e-06  0.84874442090654  0.15124969854054  
 0.0021875   374.30032981197  3.1706928584795e-08  0.8123592127848  0.18764075550754  
 0.0025   321.3827721807  1.1793926921879e-10  0.80289623313421  0.19710376674786  
 0.0028125   305.61571721147  5.4145995053525e-13  0.80061668875882  0.19938331124065  
 0.003125   301.36728681893  1.0866569082099e-13  0.80012006028021  0.1998799397197  
 0.0034375   300.31149327859  9.3026360947138e-14  0.80002152937212  0.1999784706278  
 0.00375   300.06676596179  8.9911934616053e-14  0.8000035769382  0.19999642306173  
 0.0040625   300.01351484841  8.9248077458157e-14  0.80000055334893  0.199999446651  
 0.004375   300.00259096855  8.9112430858161e-14  0.80000008008254  0.19999991991739  
 0.0046875   300.00047157202  8.9086127844641e-14  0.80000001090982  0.19999998909011  
 0.005   300.00008170243  8.9081288935193e-14  0.80000000142837  0.19999999857157  
 0.0053125   300.00001356605  8.9080443131501e-14  0.80000000020485  0.1999999997951  
 0.005625   300.00000223318  8.9080302437124e-14  0.80000000005569  0.19999999994426  
 0.0059375   300.00000043649  8.9080280130413e-14  0.80000000003846  0.1999999999615  
 0.00625   300.0000001646  8.9080276754607e-14  0.80000000003658  0.19999999996339  
 0.0065625   300.00000012527  8.9080276266282e-14  0.80000000003639  0.19999999996358  
 0.006875   300.00000011982  8.9080276198662e-14  0.80000000003638  0.1999999999636  
 0.0071875   300.0000001191  8.9080276189685e-14  0.80000000003638  0.1999999999636  
 0.0075   300.000000119  8.9080276188542e-14  0.80000000003638  0.1999999999636  
 0.0078125   300.00000011899  8.9080276188399e-14  0.80000000003638  0.1999999999636  
 0.008125   300.00000011899  8.9080276188399e-14  0.80000000003638  0.1999999999636  
 0.0084375   300.00000011899  8.9080276188399e-14  0.80000000003638  0.1999999999636  
 0.00875   300.00000011899  8.9080276188399e-14  0.80000000003638  0.1999999999636  
 0.0090625   300.00000011899  8.9080276188399e-14  0.80000000003638  0.1999999999636  
 0.009375   300.00000011899  8.9080276188399e-14  0.80000000003638  0.1999999999636  
 0.0096875   300.00000011899  8.9080276188399e-14  0.80000000003638  0.1999999999636  
 0.01   300.00000011899  8.9080276188399e-14  0.80000000003638  0.1999999999636  
 0.0103125   300.00000011899  8.9080276188399e-14  0.80000000003638  0.1999999999636  
 0.010625   300.00000011899  8.9080276188399e-14  0.80000000003638  0.1999999999636  
 0.0109375   300.00000011899  8.9080276188399e-14  0.80000000003638  0.1999999999636  
 0.01125   300.00000011899  8.9080276188399e-14  0.80000000003638  0.1999999999636  
 0.0115625   300.00000011899  8.9080276188399e-14  0.80000000003638  0.1999999999636  
 0.011875   300.00000011899  8.9080276188399e-14  0.80000000003638  0.1999999999636  
 0.0121875   300.00000011899  8.9080276188399e-14  0.80000000003638  0.1999999999636  
 0.0125   300.00000011899  8.9080276188399e-14  0.80000000003638  0.1999999999636  
 0.0128125   300.00000011899  8.9080276188399e-14  0.80000000003638  0.1999999999636  
 0.013125   300.00000011899  8.9080276188399e-14  0.80000000003638  0.1999999999636  
 0.0134375   300.00000011899  8.9080276188399e-14  0.80000000003638  0.1999999999636  
 0.01375   300.00000011899  8.9080276188399e-14  0.80000000003638  0.1999999999636  
 0.0140625   300.00000011899  8.9080276188399e-14  0.80000000003638  0.1999999999636  
 0.014375   300.00000011899  8.9080276188399e-14  0.80000000003638  0.1999999999636  
 0.0146875   300.00000011899  8.9080276188399e-14  0.80000000003638  0.1999999999636  
 0.015   300.00000011899  8.9080276188399e-14  0.80000000003638  0.1999999999636  
 0.0153125   300.00000011899  8.9080276188399e-14  0.80000000003638  0.1999999999636  
 0.015625   300.00000011899  8.9080276188399e-14  0.80000000003638  0.1999999999636  
 0.0159375   300.00000011899  8.9080276188399e-14  0.80000000003638  0.1999999999636  
 0.01625   300.00000011899  8.9080276188399e-14  0.80000000003638  0.1999999999636  
 0.0165625   300.00000011899  8.9080276188399e-14  0.80000000003638  0.1999999999636  
 0.016875   300.00000011899  8.9080276188399e-14  0.80000000003638  0.1999999999636  
 0.0171875   300.00000011899  8.9080276188399e-14  0.80000000003638  0.1999999999636  
 0.0175   300.00000011899  8.9080276188399e-14  0.80000000003638  0.1999999999636  
 0.0178125   300.00000011899  8.9080276188399e-14  0.80000000003638  0.1999999999636  
 0.018125   300.00000011899  8.9080276188399e-14  0.80000000003638  0.1999999999636  
 0.0184375   300.00000011899  8.9080276188399e-14  0.80000000003638  0.1999999999636  
 0.01875   300.00000011899  8.9080276188399e-14  0.80000000003638  0.1999999999636  
 0.0190625   300.00000011899  8.9080276188399e-14  0.80000000003638  0.1999999999636  
 0.019375   300.00000011899  8.9080276188399e-14  0.80000000003638  0.1999999999636  
 0.0196875   300.00000011899  8.9080276188399e-14  0.80000000003638  0.1999999999636  
 0.02   300  0  0.8  0.2  
