# TIME: 0.00218
#  x     Variables:...

 0   1000  0  0.8  0.2  
 0.0003125   1169.0437577258  0.0071704193328908  0.99209445368989  0.000735953516918  
 0.000625   1121.9275532504  0.0030550988437995  0.99684858911807  9.6364534466903e-05  
 0.0009375   1040.3947089524  0.0012756647921054  0.99862122114509  0.00010314160730752  
 0.00125   946.88129789521  0.0009176713865313  0.99885771401679  0.00022461147971745  
 0.0015625   682.96152483973  4.5083088886599e-05  0.89130430878053  0.10865057629409  
 0.001875   437.33278056165  2.4834929086054e-07  0.82497863518933  0.17502111644883  
 0.0021875   340.32967042325  1.1120533970541e-09  0.80583852147211  0.1941614774158  
 0.0025   310.56914820907  3.9233779743632e-12  0.80121887396835  0.19878112602773  
 0.0028125   302.55158039969  1.3703903359715e-13  0.80023120199111  0.19976879800876  
 0.003125   300.57397640323  9.6507899571465e-14  0.80004013279915  0.19995986720076  
 0.0034375   300.12102415471  9.0593521269612e-14  0.80000641053486  0.19999358946507  
 0.00375   300.02401802532  8.9378714290325e-14  0.80000094754949  0.19999905245044  
 0.0040625   300.00450006374  8.9136134345808e-14  0.80000013031825  0.19999986968169  
 0.004375   300.00079789234  8.9090178781019e-14  0.80000001677914  0.1999999832208  
 0.0046875   300.00013418707  8.908194052332e-14  0.80000000205376  0.19999999794618  
 0.005   300.00002150364  8.9080541681723e-14  0.80000000026282  0.19999999973712  
 0.0053125   300.00000335459  8.9080316361464e-14  0.80000000005774  0.19999999994221  
 0.005625   300.00000057715  8.9080281878108e-14  0.80000000003555  0.1999999999644  
 0.0059375   300.00000017267  8.9080276856181e-14  0.80000000003328  0.19999999996668  
 0.00625   300.00000011652  8.9080276159137e-14  0.80000000003307  0.1999999999669  
 0.0065625   300.00000010908  8.908027606678e-14  0.80000000003305  0.19999999996692  
 0.006875   300.00000010814  8.908027605508e-14  0.80000000003305  0.19999999996692  
 0.0071875   300.00000010803  8.9080276053658e-14  0.80000000003305  0.19999999996692  
 0.0075   300.00000010801  8.9080276053491e-14  0.80000000003305  0.19999999996692  
 0.0078125   300.00000010801  8.908027605349e-14  0.80000000003305  0.19999999996692  
 0.008125   300.00000010801  8.908027605349e-14  0.80000000003305  0.19999999996692  
 0.0084375   300.00000010801  8.908027605349e-14  0.80000000003305  0.19999999996692  
 0.00875   300.00000010801  8.908027605349e-14  0.80000000003305  0.19999999996692  
 0.0090625   300.00000010801  8.908027605349e-14  0.80000000003305  0.19999999996692  
 0.009375   300.00000010801  8.908027605349e-14  0.80000000003305  0.19999999996692  
 0.0096875   300.00000010801  8.908027605349e-14  0.80000000003305  0.19999999996692  
 0.01   300.00000010801  8.908027605349e-14  0.80000000003305  0.19999999996692  
 0.0103125   300.00000010801  8.908027605349e-14  0.80000000003305  0.19999999996692  
 0.010625   300.00000010801  8.908027605349e-14  0.80000000003305  0.19999999996692  
 0.0109375   300.00000010801  8.908027605349e-14  0.80000000003305  0.19999999996692  
 0.01125   300.00000010801  8.908027605349e-14  0.80000000003305  0.19999999996692  
 0.0115625   300.00000010801  8.908027605349e-14  0.80000000003305  0.19999999996692  
 0.011875   300.00000010801  8.908027605349e-14  0.80000000003305  0.19999999996692  
 0.0121875   300.00000010801  8.908027605349e-14  0.80000000003305  0.19999999996692  
 0.0125   300.00000010801  8.908027605349e-14  0.80000000003305  0.19999999996692  
 0.0128125   300.00000010801  8.908027605349e-14  0.80000000003305  0.19999999996692  
 0.013125   300.00000010801  8.908027605349e-14  0.80000000003305  0.19999999996692  
 0.0134375   300.00000010801  8.908027605349e-14  0.80000000003305  0.19999999996692  
 0.01375   300.00000010801  8.908027605349e-14  0.80000000003305  0.19999999996692  
 0.0140625   300.00000010801  8.908027605349e-14  0.80000000003305  0.19999999996692  
 0.014375   300.00000010801  8.908027605349e-14  0.80000000003305  0.19999999996692  
 0.0146875   300.00000010801  8.908027605349e-14  0.80000000003305  0.19999999996692  
 0.015   300.00000010801  8.908027605349e-14  0.80000000003305  0.19999999996692  
 0.0153125   300.00000010801  8.908027605349e-14  0.80000000003305  0.19999999996692  
 0.015625   300.00000010801  8.908027605349e-14  0.80000000003305  0.19999999996692  
 0.0159375   300.00000010801  8.908027605349e-14  0.80000000003305  0.19999999996692  
 0.01625   300.00000010801  8.908027605349e-14  0.80000000003305  0.19999999996692  
 0.0165625   300.00000010801  8.908027605349e-14  0.80000000003305  0.19999999996692  
 0.016875   300.00000010801  8.908027605349e-14  0.80000000003305  0.19999999996692  
 0.0171875   300.00000010801  8.908027605349e-14  0.80000000003305  0.19999999996692  
 0.0175   300.00000010801  8.908027605349e-14  0.80000000003305  0.19999999996692  
 0.0178125   300.00000010801  8.908027605349e-14  0.80000000003305  0.19999999996692  
 0.018125   300.00000010801  8.908027605349e-14  0.80000000003305  0.19999999996692  
 0.0184375   300.00000010801  8.908027605349e-14  0.80000000003305  0.19999999996692  
 0.01875   300.00000010801  8.908027605349e-14  0.80000000003305  0.19999999996692  
 0.0190625   300.00000010801  8.908027605349e-14  0.80000000003305  0.19999999996692  
 0.019375   300.00000010801  8.908027605349e-14  0.80000000003305  0.19999999996692  
 0.0196875   300.00000010801  8.908027605349e-14  0.80000000003305  0.19999999996692  
 0.02   300  0  0.8  0.2  
