# TIME: 0.00238
#  x     Variables:...

 0   1000  0  0.8  0.2  
 0.0003125   1173.7839060958  0.0073531102985054  0.99193404475152  0.00071377269142087  
 0.000625   1134.4827569977  0.0032438740083312  0.99666581881154  9.0359893797063e-05  
 0.0009375   1059.168586091  0.0013862746376357  0.99852300845653  9.0744478148061e-05  
 0.00125   962.39761993967  0.00072922627400461  0.99910783524355  0.00016295687253932  
 0.0015625   905.42571944653  0.0010384179824987  0.97903881391832  0.019922720279162  
 0.001875   520.01303210272  4.7306168994463e-06  0.8455579951002  0.1544372739042  
 0.0021875   370.41088833435  2.4519079870011e-08  0.81156986471127  0.18843011076912  
 0.0025   320.12524020671  8.8422304242723e-11  0.80269054888173  0.19730945102985  
 0.0028125   305.24604213353  4.3931442366252e-13  0.8005673078358  0.19943269216377  
 0.003125   301.26822142928  1.0693019991649e-13  0.80010935218217  0.19989064781774  
 0.0034375   300.28694615707  9.2708941051517e-14  0.8000194149706  0.19998058502932  
 0.00375   300.06108895157  8.9840956695665e-14  0.80000319350723  0.1999968064927  
 0.0040625   300.012282248  8.9232765835356e-14  0.800000489075  0.19999951092494  
 0.004375   300.0023386765  8.9109300007679e-14  0.80000007006947  0.19999992993046  
 0.0046875   300.00042273633  8.9085521789497e-14  0.800000009453  0.19999999054694  
 0.005   300.00007273991  8.9081177690068e-14  0.80000000122937  0.19999999877057  
 0.0053125   300.00001200284  8.9080423725799e-14  0.80000000017903  0.19999999982092  
 0.005625   300.00000197303  8.9080299207441e-14  0.80000000005229  0.19999999994766  
 0.0059375   300.00000039452  8.9080279609445e-14  0.80000000003781  0.19999999996215  
 0.00625   300.00000015742  8.9080276665578e-14  0.80000000003624  0.19999999996373  
 0.0065625   300.00000012338  8.9080276242946e-14  0.80000000003608  0.19999999996389  
 0.006875   300.0000001187  8.9080276184869e-14  0.80000000003607  0.1999999999639  
 0.0071875   300.00000011808  8.9080276177219e-14  0.80000000003607  0.1999999999639  
 0.0075   300.000000118  8.9080276176248e-14  0.80000000003607  0.1999999999639  
 0.0078125   300.000000118  8.9080276176135e-14  0.80000000003607  0.1999999999639  
 0.008125   300.000000118  8.9080276176135e-14  0.80000000003607  0.1999999999639  
 0.0084375   300.000000118  8.9080276176135e-14  0.80000000003607  0.1999999999639  
 0.00875   300.000000118  8.9080276176135e-14  0.80000000003607  0.1999999999639  
 0.0090625   300.000000118  8.9080276176135e-14  0.80000000003607  0.1999999999639  
 0.009375   300.000000118  8.9080276176135e-14  0.80000000003607  0.1999999999639  
 0.0096875   300.000000118  8.9080276176135e-14  0.80000000003607  0.1999999999639  
 0.01   300.000000118  8.9080276176135e-14  0.80000000003607  0.1999999999639  
 0.0103125   300.000000118  8.9080276176135e-14  0.80000000003607  0.1999999999639  
 0.010625   300.000000118  8.9080276176135e-14  0.80000000003607  0.1999999999639  
 0.0109375   300.000000118  8.9080276176135e-14  0.80000000003607  0.1999999999639  
 0.01125   300.000000118  8.9080276176135e-14  0.80000000003607  0.1999999999639  
 0.0115625   300.000000118  8.9080276176135e-14  0.80000000003607  0.1999999999639  
 0.011875   300.000000118  8.9080276176135e-14  0.80000000003607  0.1999999999639  
 0.0121875   300.000000118  8.9080276176135e-14  0.80000000003607  0.1999999999639  
 0.0125   300.000000118  8.9080276176135e-14  0.80000000003607  0.1999999999639  
 0.0128125   300.000000118  8.9080276176135e-14  0.80000000003607  0.1999999999639  
 0.013125   300.000000118  8.9080276176135e-14  0.80000000003607  0.1999999999639  
 0.0134375   300.000000118  8.9080276176135e-14  0.80000000003607  0.1999999999639  
 0.01375   300.000000118  8.9080276176135e-14  0.80000000003607  0.1999999999639  
 0.0140625   300.000000118  8.9080276176135e-14  0.80000000003607  0.1999999999639  
 0.014375   300.000000118  8.9080276176135e-14  0.80000000003607  0.1999999999639  
 0.0146875   300.000000118  8.9080276176135e-14  0.80000000003607  0.1999999999639  
 0.015   300.000000118  8.9080276176135e-14  0.80000000003607  0.1999999999639  
 0.0153125   300.000000118  8.9080276176135e-14  0.80000000003607  0.1999999999639  
 0.015625   300.000000118  8.9080276176135e-14  0.80000000003607  0.1999999999639  
 0.0159375   300.000000118  8.9080276176135e-14  0.80000000003607  0.1999999999639  
 0.01625   300.000000118  8.9080276176135e-14  0.80000000003607  0.1999999999639  
 0.0165625   300.000000118  8.9080276176135e-14  0.80000000003607  0.1999999999639  
 0.016875   300.000000118  8.9080276176135e-14  0.80000000003607  0.1999999999639  
 0.0171875   300.000000118  8.9080276176135e-14  0.80000000003607  0.1999999999639  
 0.0175   300.000000118  8.9080276176135e-14  0.80000000003607  0.1999999999639  
 0.0178125   300.000000118  8.9080276176135e-14  0.80000000003607  0.1999999999639  
 0.018125   300.000000118  8.9080276176135e-14  0.80000000003607  0.1999999999639  
 0.0184375   300.000000118  8.9080276176135e-14  0.80000000003607  0.1999999999639  
 0.01875   300.000000118  8.9080276176135e-14  0.80000000003607  0.1999999999639  
 0.0190625   300.000000118  8.9080276176135e-14  0.80000000003607  0.1999999999639  
 0.019375   300.000000118  8.9080276176135e-14  0.80000000003607  0.1999999999639  
 0.0196875   300.000000118  8.9080276176135e-14  0.80000000003607  0.1999999999639  
 0.02   300  0  0.8  0.2  
