# TIME: 0.00144
#  x     Variables:...

 0   1000  0  0.8  0.2  
 0.0003125   1142.3655187622  0.0062011652772334  0.99292012440568  0.00087917603809073  
 0.000625   1047.8462383003  0.0023796951332595  0.9974608332049  0.00015952340068649  
 0.0009375   990.43338089162  0.0022535654251824  0.99643281327882  0.0013135650635439  
 0.00125   512.82254524487  9.899756856098e-06  0.83715047425582  0.16283962319458  
 0.0015625   353.00141877926  5.019428460214e-08  0.80636863013135  0.19363131967328  
 0.001875   311.97483758353  1.6895912423847e-10  0.80099576645475  0.19900423337629  
 0.0021875   302.47056428912  6.1703793411316e-13  0.80013704253533  0.19986295746406  
 0.0025   300.47043383388  9.6498190894696e-14  0.80001670917504  0.19998329082486  
 0.0028125   300.08311338709  9.0121767757744e-14  0.80000183210183  0.19999816789809  
 0.003125   300.01364550008  8.9249849945826e-14  0.80000018302917  0.19999981697075  
 0.0034375   300.00208364097  8.910614794624e-14  0.80000001684162  0.19999998315831  
 0.00375   300.00029638242  8.9083954508509e-14  0.80000000145501  0.19999999854491  
 0.0040625   300.00003940352  8.9080763901377e-14  0.80000000013577  0.19999999986416  
 0.004375   300.00000495745  8.908033625692e-14  0.80000000003035  0.19999999996958  
 0.0046875   300.0000006409  8.9080282672385e-14  0.80000000002246  0.19999999997748  
 0.005   300.00000013364  8.9080276376137e-14  0.80000000002191  0.19999999997803  
 0.0053125   300.00000007757  8.9080275680187e-14  0.80000000002188  0.19999999997807  
 0.005625   300.00000007172  8.9080275607596e-14  0.80000000002188  0.19999999997807  
 0.0059375   300.00000007114  8.9080275600431e-14  0.80000000002188  0.19999999997807  
 0.00625   300.00000007109  8.9080275599757e-14  0.80000000002188  0.19999999997807  
 0.0065625   300.00000007108  8.9080275599706e-14  0.80000000002188  0.19999999997807  
 0.006875   300.00000007108  8.9080275599705e-14  0.80000000002188  0.19999999997807  
 0.0071875   300.00000007108  8.9080275599705e-14  0.80000000002188  0.19999999997807  
 0.0075   300.00000007108  8.9080275599705e-14  0.80000000002188  0.19999999997807  
 0.0078125   300.00000007108  8.9080275599705e-14  0.80000000002188  0.19999999997807  
 0.008125   300.00000007108  8.9080275599705e-14  0.80000000002188  0.19999999997807  
 0.0084375   300.00000007108  8.9080275599705e-14  0.80000000002188  0.19999999997807  
 0.00875   300.00000007108  8.9080275599705e-14  0.80000000002188  0.19999999997807  
 0.0090625   300.00000007108  8.9080275599705e-14  0.80000000002188  0.19999999997807  
 0.009375   300.00000007108  8.9080275599705e-14  0.80000000002188  0.19999999997807  
 0.0096875   300.00000007108  8.9080275599705e-14  0.80000000002188  0.19999999997807  
 0.01   300.00000007108  8.9080275599705e-14  0.80000000002188  0.19999999997807  
 0.0103125   300.00000007108  8.9080275599705e-14  0.80000000002188  0.19999999997807  
 0.010625   300.00000007108  8.9080275599705e-14  0.80000000002188  0.19999999997807  
 0.0109375   300.00000007108  8.9080275599705e-14  0.80000000002188  0.19999999997807  
 0.01125   300.00000007108  8.9080275599705e-14  0.80000000002188  0.19999999997807  
 0.0115625   300.00000007108  8.9080275599705e-14  0.80000000002188  0.19999999997807  
 0.011875   300.00000007108  8.9080275599705e-14  0.80000000002188  0.19999999997807  
 0.0121875   300.00000007108  8.9080275599705e-14  0.80000000002188  0.19999999997807  
 0.0125   300.00000007108  8.9080275599705e-14  0.80000000002188  0.19999999997807  
 0.0128125   300.00000007108  8.9080275599705e-14  0.80000000002188  0.19999999997807  
 0.013125   300.00000007108  8.9080275599705e-14  0.80000000002188  0.19999999997807  
 0.0134375   300.00000007108  8.9080275599705e-14  0.80000000002188  0.19999999997807  
 0.01375   300.00000007108  8.9080275599705e-14  0.80000000002188  0.19999999997807  
 0.0140625   300.00000007108  8.9080275599705e-14  0.80000000002188  0.19999999997807  
 0.014375   300.00000007108  8.9080275599705e-14  0.80000000002188  0.19999999997807  
 0.0146875   300.00000007108  8.9080275599705e-14  0.80000000002188  0.19999999997807  
 0.015   300.00000007108  8.9080275599705e-14  0.80000000002188  0.19999999997807  
 0.0153125   300.00000007108  8.9080275599705e-14  0.80000000002188  0.19999999997807  
 0.015625   300.00000007108  8.9080275599705e-14  0.80000000002188  0.19999999997807  
 0.0159375   300.00000007108  8.9080275599705e-14  0.80000000002188  0.19999999997807  
 0.01625   300.00000007108  8.9080275599705e-14  0.80000000002188  0.19999999997807  
 0.0165625   300.00000007108  8.9080275599705e-14  0.80000000002188  0.19999999997807  
 0.016875   300.00000007108  8.9080275599705e-14  0.80000000002188  0.19999999997807  
 0.0171875   300.00000007108  8.9080275599705e-14  0.80000000002188  0.19999999997807  
 0.0175   300.00000007108  8.9080275599705e-14  0.80000000002188  0.19999999997807  
 0.0178125   300.00000007108  8.9080275599705e-14  0.80000000002188  0.19999999997807  
 0.018125   300.00000007108  8.9080275599705e-14  0.80000000002188  0.19999999997807  
 0.0184375   300.00000007108  8.9080275599705e-14  0.80000000002188  0.19999999997807  
 0.01875   300.00000007108  8.9080275599705e-14  0.80000000002188  0.19999999997807  
 0.0190625   300.00000007108  8.9080275599705e-14  0.80000000002188  0.19999999997807  
 0.019375   300.00000007108  8.9080275599705e-14  0.80000000002188  0.19999999997807  
 0.0196875   300.00000007108  8.9080275599705e-14  0.80000000002188  0.19999999997807  
 0.02   300  0  0.8  0.2  
