# TIME: 0.00048000000000001
#  x     Variables:...

 0   1000  0  0.8  0.2  
 0.0003125   651.82599805981  2.3247158057706e-05  0.8040465154678  0.19593023738605  
 0.000625   394.54206208244  1.2045963283821e-07  0.80022071816338  0.19977916137406  
 0.0009375   317.464691267  4.1694418437481e-10  0.80001093646584  0.1999890631172  
 0.00125   302.46868194786  1.3005051585463e-12  0.80000049761765  0.19999950238105  
 0.0015625   300.28359336408  9.5887183132319e-14  0.80000002089736  0.19999997910255  
 0.001875   300.0274511306  8.9430374923936e-14  0.8000000008213  0.19999999917861  
 0.0021875   300.00229569694  8.9108774225748e-14  0.80000000003698  0.19999999996294  
 0.0025   300.00016901597  8.9082369918416e-14  0.80000000000839  0.19999999999153  
 0.0028125   300.00001113443  8.9080412683942e-14  0.80000000000741  0.19999999999251  
 0.003125   300.00000068335  8.9080283187322e-14  0.80000000000739  0.19999999999254  
 0.0034375   300.00000005895  8.9080275454024e-14  0.80000000000739  0.19999999999254  
 0.00375   300.00000002495  8.9080275033083e-14  0.80000000000739  0.19999999999254  
 0.0040625   300.00000002325  8.9080275012028e-14  0.80000000000739  0.19999999999254  
 0.004375   300.00000002317  8.9080275011048e-14  0.80000000000739  0.19999999999254  
 0.0046875   300.00000002317  8.9080275011012e-14  0.80000000000739  0.19999999999254  
 0.005   300.00000002317  8.9080275011012e-14  0.80000000000739  0.19999999999254  
 0.0053125   300.00000002317  8.9080275011012e-14  0.80000000000739  0.19999999999254  
 0.005625   300.00000002317  8.9080275011012e-14  0.80000000000739  0.19999999999254  
 0.0059375   300.00000002317  8.9080275011012e-14  0.80000000000739  0.19999999999254  
 0.00625   300.00000002317  8.9080275011012e-14  0.80000000000739  0.19999999999254  
 0.0065625   300.00000002317  8.9080275011012e-14  0.80000000000739  0.19999999999254  
 0.006875   300.00000002317  8.9080275011012e-14  0.80000000000739  0.19999999999254  
 0.0071875   300.00000002317  8.9080275011012e-14  0.80000000000739  0.19999999999254  
 0.0075   300.00000002317  8.9080275011012e-14  0.80000000000739  0.19999999999254  
 0.0078125   300.00000002317  8.9080275011012e-14  0.80000000000739  0.19999999999254  
 0.008125   300.00000002317  8.9080275011012e-14  0.80000000000739  0.19999999999254  
 0.0084375   300.00000002317  8.9080275011012e-14  0.80000000000739  0.19999999999254  
 0.00875   300.00000002317  8.9080275011012e-14  0.80000000000739  0.19999999999254  
 0.0090625   300.00000002317  8.9080275011012e-14  0.80000000000739  0.19999999999254  
 0.009375   300.00000002317  8.9080275011012e-14  0.80000000000739  0.19999999999254  
 0.0096875   300.00000002317  8.9080275011012e-14  0.80000000000739  0.19999999999254  
 0.01   300.00000002317  8.9080275011012e-14  0.80000000000739  0.19999999999254  
 0.0103125   300.00000002317  8.9080275011012e-14  0.80000000000739  0.19999999999254  
 0.010625   300.00000002317  8.9080275011012e-14  0.80000000000739  0.19999999999254  
 0.0109375   300.00000002317  8.9080275011012e-14  0.80000000000739  0.19999999999254  
 0.01125   300.00000002317  8.9080275011012e-14  0.80000000000739  0.19999999999254  
 0.0115625   300.00000002317  8.9080275011012e-14  0.80000000000739  0.19999999999254  
 0.011875   300.00000002317  8.9080275011012e-14  0.80000000000739  0.19999999999254  
 0.0121875   300.00000002317  8.9080275011012e-14  0.80000000000739  0.19999999999254  
 0.0125   300.00000002317  8.9080275011012e-14  0.80000000000739  0.19999999999254  
 0.0128125   300.00000002317  8.9080275011012e-14  0.80000000000739  0.19999999999254  
 0.013125   300.00000002317  8.9080275011012e-14  0.80000000000739  0.19999999999254  
 0.0134375   300.00000002317  8.9080275011012e-14  0.80000000000739  0.19999999999254  
 0.01375   300.00000002317  8.9080275011012e-14  0.80000000000739  0.19999999999254  
 0.0140625   300.00000002317  8.9080275011012e-14  0.80000000000739  0.19999999999254  
 0.014375   300.00000002317  8.9080275011012e-14  0.80000000000739  0.19999999999254  
 0.0146875   300.00000002317  8.9080275011012e-14  0.80000000000739  0.19999999999254  
 0.015   300.00000002317  8.9080275011012e-14  0.80000000000739  0.19999999999254  
 0.0153125   300.00000002317  8.9080275011012e-14  0.80000000000739  0.19999999999254  
 0.015625   300.00000002317  8.9080275011012e-14  0.80000000000739  0.19999999999254  
 0.0159375   300.00000002317  8.9080275011012e-14  0.80000000000739  0.19999999999254  
 0.01625   300.00000002317  8.9080275011012e-14  0.80000000000739  0.19999999999254  
 0.0165625   300.00000002317  8.9080275011012e-14  0.80000000000739  0.19999999999254  
 0.016875   300.00000002317  8.9080275011012e-14  0.80000000000739  0.19999999999254  
 0.0171875   300.00000002317  8.9080275011012e-14  0.80000000000739  0.19999999999254  
 0.0175   300.00000002317  8.9080275011012e-14  0.80000000000739  0.19999999999254  
 0.0178125   300.00000002317  8.9080275011012e-14  0.80000000000739  0.19999999999254  
 0.018125   300.00000002317  8.9080275011012e-14  0.80000000000739  0.19999999999254  
 0.0184375   300.00000002317  8.9080275011012e-14  0.80000000000739  0.19999999999254  
 0.01875   300.00000002317  8.9080275011012e-14  0.80000000000739  0.19999999999254  
 0.0190625   300.00000002317  8.9080275011012e-14  0.80000000000739  0.19999999999254  
 0.019375   300.00000002317  8.9080275011012e-14  0.80000000000739  0.19999999999254  
 0.0196875   300.00000002317  8.9080275011012e-14  0.80000000000739  0.19999999999254  
 0.02   300  0  0.8  0.2  
