# TIME: 0.00264
#  x     Variables:...

 0   1000  0  0.8  0.2  
 0.0003125   1178.9436986225  0.0075550691326197  0.99175535037854  0.00069064143404781  
 0.000625   1148.0967828584  0.0034644419754991  0.99645106332845  8.4547691152005e-05  
 0.0009375   1081.8784858831  0.0015492360022419  0.99837156719275  7.9224413617084e-05  
 0.00125   1000.7638141176  0.00071893156200061  0.99918026448403  0.00010082287846128  
 0.0015625   924.67267179696  0.00076490945372638  0.99897681184827  0.00025826691111049  
 0.001875   661.92552334354  2.9833648043389e-05  0.88847167092777  0.11149847229507  
 0.0021875   435.23968299407  1.7021526212184e-07  0.82581642648498  0.17418340329107  
 0.0025   342.56172269276  7.8567384653218e-10  0.80665167951904  0.19334831969526  
 0.0028125   312.12609466533  3.0178060049652e-12  0.80156621973324  0.19843378026375  
 0.003125   303.20041254619  1.4609066711267e-13  0.80033958930015  0.19966041069972  
 0.0034375   300.78948622506  9.9421829520983e-14  0.80006803207636  0.19993196792356  
 0.00375   300.18304680817  9.1377301081459e-14  0.80001264493702  0.19998735506291  
 0.0040625   300.04006108516  8.9578358994168e-14  0.80000219026539  0.19999780973455  
 0.004375   300.00830433271  8.9183341279534e-14  0.80000035507084  0.1999996449291  
 0.0046875   300.00163495954  8.9100563592777e-14  0.80000005410501  0.19999994589493  
 0.005   300.00030647266  8.9084078409943e-14  0.80000000780163  0.19999999219832  
 0.0053125   300.00005487069  8.9080955827063e-14  0.80000000109376  0.19999999890618  
 0.005625   300.00000947325  8.9080392315691e-14  0.80000000017567  0.19999999982429  
 0.0059375   300.00000165598  8.9080295269213e-14  0.80000000005658  0.19999999994337  
 0.00625   300.00000036938  8.9080279295665e-14  0.80000000004191  0.19999999995805  
 0.0065625   300.00000016671  8.908027677932e-14  0.8000000000402  0.19999999995977  
 0.006875   300.00000013611  8.9080276399432e-14  0.80000000004001  0.19999999995997  
 0.0071875   300.00000013168  8.9080276344393e-14  0.80000000004  0.19999999995998  
 0.0075   300.00000013106  8.9080276336733e-14  0.80000000004  0.19999999995998  
 0.0078125   300.00000013098  8.9080276335705e-14  0.80000000004  0.19999999995998  
 0.008125   300.00000013097  8.9080276335573e-14  0.80000000004  0.19999999995998  
 0.0084375   300.00000013097  8.9080276335573e-14  0.80000000004  0.19999999995998  
 0.00875   300.00000013097  8.9080276335573e-14  0.80000000004  0.19999999995998  
 0.0090625   300.00000013097  8.9080276335573e-14  0.80000000004  0.19999999995998  
 0.009375   300.00000013097  8.9080276335573e-14  0.80000000004  0.19999999995998  
 0.0096875   300.00000013097  8.9080276335573e-14  0.80000000004  0.19999999995998  
 0.01   300.00000013097  8.9080276335573e-14  0.80000000004  0.19999999995998  
 0.0103125   300.00000013097  8.9080276335573e-14  0.80000000004  0.19999999995998  
 0.010625   300.00000013097  8.9080276335573e-14  0.80000000004  0.19999999995998  
 0.0109375   300.00000013097  8.9080276335573e-14  0.80000000004  0.19999999995998  
 0.01125   300.00000013097  8.9080276335573e-14  0.80000000004  0.19999999995998  
 0.0115625   300.00000013097  8.9080276335573e-14  0.80000000004  0.19999999995998  
 0.011875   300.00000013097  8.9080276335573e-14  0.80000000004  0.19999999995998  
 0.0121875   300.00000013097  8.9080276335573e-14  0.80000000004  0.19999999995998  
 0.0125   300.00000013097  8.9080276335573e-14  0.80000000004  0.19999999995998  
 0.0128125   300.00000013097  8.9080276335573e-14  0.80000000004  0.19999999995998  
 0.013125   300.00000013097  8.9080276335573e-14  0.80000000004  0.19999999995998  
 0.0134375   300.00000013097  8.9080276335573e-14  0.80000000004  0.19999999995998  
 0.01375   300.00000013097  8.9080276335573e-14  0.80000000004  0.19999999995998  
 0.0140625   300.00000013097  8.9080276335573e-14  0.80000000004  0.19999999995998  
 0.014375   300.00000013097  8.9080276335573e-14  0.80000000004  0.19999999995998  
 0.0146875   300.00000013097  8.9080276335573e-14  0.80000000004  0.19999999995998  
 0.015   300.00000013097  8.9080276335573e-14  0.80000000004  0.19999999995998  
 0.0153125   300.00000013097  8.9080276335573e-14  0.80000000004  0.19999999995998  
 0.015625   300.00000013097  8.9080276335573e-14  0.80000000004  0.19999999995998  
 0.0159375   300.00000013097  8.9080276335573e-14  0.80000000004  0.19999999995998  
 0.01625   300.00000013097  8.9080276335573e-14  0.80000000004  0.19999999995998  
 0.0165625   300.00000013097  8.9080276335573e-14  0.80000000004  0.19999999995998  
 0.016875   300.00000013097  8.9080276335573e-14  0.80000000004  0.19999999995998  
 0.0171875   300.00000013097  8.9080276335573e-14  0.80000000004  0.19999999995998  
 0.0175   300.00000013097  8.9080276335573e-14  0.80000000004  0.19999999995998  
 0.0178125   300.00000013097  8.9080276335573e-14  0.80000000004  0.19999999995998  
 0.018125   300.00000013097  8.9080276335573e-14  0.80000000004  0.19999999995998  
 0.0184375   300.00000013097  8.9080276335573e-14  0.80000000004  0.19999999995998  
 0.01875   300.00000013097  8.9080276335573e-14  0.80000000004  0.19999999995998  
 0.0190625   300.00000013097  8.9080276335573e-14  0.80000000004  0.19999999995998  
 0.019375   300.00000013097  8.9080276335573e-14  0.80000000004  0.19999999995998  
 0.0196875   300.00000013097  8.9080276335573e-14  0.80000000004  0.19999999995998  
 0.02   300  0  0.8  0.2  
