# TIME: 0.00262
#  x     Variables:...

 0   1000  0  0.8  0.2  
 0.0003125   1178.5810063445  0.0075408163328761  0.99176800157446  0.00069223273287917  
 0.000625   1147.1278323799  0.0034484938803501  0.99646661394579  8.4945147434581e-05  
 0.0009375   1080.2057939663  0.0015363334543831  0.99838370581553  7.9988336729826e-05  
 0.00125   998.4919404042  0.00071573031131362  0.99918103369173  0.00010325492672477  
 0.0015625   925.13876406097  0.00080513973231346  0.99892905907093  0.0002657864351048  
 0.001875   651.65746512954  2.4546828468545e-05  0.88496033543912  0.11501509663763  
 0.0021875   429.34638330928  1.4050547694294e-07  0.82443422069552  0.17556563879191  
 0.0025   340.3182380454  6.3719227995635e-10  0.80623268847975  0.19376731088304  
 0.0028125   311.40812746371  2.4734616108546e-12  0.80145561386761  0.19854438612992  
 0.003125   302.99167819735  1.4068884124235e-13  0.80031301622563  0.19968698377424  
 0.0034375   300.73330263362  9.8646784460903e-14  0.80006217222119  0.19993782777873  
 0.00375   300.16894566907  9.1198404306777e-14  0.80001145461758  0.19998854538235  
 0.0040625   300.03674281199  8.9537016795051e-14  0.80000196651926  0.19999803348068  
 0.004375   300.00756879222  8.9174210646026e-14  0.80000031595933  0.19999968404061  
 0.0046875   300.00148079686  8.9098650807292e-14  0.8000000477176  0.19999995228234  
 0.005   300.00027582844  8.9083698139025e-14  0.80000000682282  0.19999999317712  
 0.0053125   300.00004907888  8.9080883941238e-14  0.80000000095231  0.19999999904764  
 0.005625   300.00000842977  8.9080379362527e-14  0.80000000015613  0.19999999984383  
 0.0059375   300.00000147589  8.9080293033609e-14  0.8000000000538  0.19999999994616  
 0.00625   300.00000033898  8.9080278918348e-14  0.80000000004131  0.19999999995866  
 0.0065625   300.00000016109  8.9080276709694e-14  0.80000000003986  0.19999999996011  
 0.006875   300.00000013442  8.9080276378529e-14  0.80000000003971  0.19999999996027  
 0.0071875   300.00000013058  8.9080276330881e-14  0.8000000000397  0.19999999996028  
 0.0075   300.00000013005  8.9080276324295e-14  0.8000000000397  0.19999999996028  
 0.0078125   300.00000012998  8.9080276323413e-14  0.8000000000397  0.19999999996028  
 0.008125   300.00000012997  8.9080276323309e-14  0.8000000000397  0.19999999996028  
 0.0084375   300.00000012997  8.9080276323309e-14  0.8000000000397  0.19999999996028  
 0.00875   300.00000012997  8.9080276323309e-14  0.8000000000397  0.19999999996028  
 0.0090625   300.00000012997  8.9080276323309e-14  0.8000000000397  0.19999999996028  
 0.009375   300.00000012997  8.9080276323309e-14  0.8000000000397  0.19999999996028  
 0.0096875   300.00000012997  8.9080276323309e-14  0.8000000000397  0.19999999996028  
 0.01   300.00000012997  8.9080276323309e-14  0.8000000000397  0.19999999996028  
 0.0103125   300.00000012997  8.9080276323309e-14  0.8000000000397  0.19999999996028  
 0.010625   300.00000012997  8.9080276323309e-14  0.8000000000397  0.19999999996028  
 0.0109375   300.00000012997  8.9080276323309e-14  0.8000000000397  0.19999999996028  
 0.01125   300.00000012997  8.9080276323309e-14  0.8000000000397  0.19999999996028  
 0.0115625   300.00000012997  8.9080276323309e-14  0.8000000000397  0.19999999996028  
 0.011875   300.00000012997  8.9080276323309e-14  0.8000000000397  0.19999999996028  
 0.0121875   300.00000012997  8.9080276323309e-14  0.8000000000397  0.19999999996028  
 0.0125   300.00000012997  8.9080276323309e-14  0.8000000000397  0.19999999996028  
 0.0128125   300.00000012997  8.9080276323309e-14  0.8000000000397  0.19999999996028  
 0.013125   300.00000012997  8.9080276323309e-14  0.8000000000397  0.19999999996028  
 0.0134375   300.00000012997  8.9080276323309e-14  0.8000000000397  0.19999999996028  
 0.01375   300.00000012997  8.9080276323309e-14  0.8000000000397  0.19999999996028  
 0.0140625   300.00000012997  8.9080276323309e-14  0.8000000000397  0.19999999996028  
 0.014375   300.00000012997  8.9080276323309e-14  0.8000000000397  0.19999999996028  
 0.0146875   300.00000012997  8.9080276323309e-14  0.8000000000397  0.19999999996028  
 0.015   300.00000012997  8.9080276323309e-14  0.8000000000397  0.19999999996028  
 0.0153125   300.00000012997  8.9080276323309e-14  0.8000000000397  0.19999999996028  
 0.015625   300.00000012997  8.9080276323309e-14  0.8000000000397  0.19999999996028  
 0.0159375   300.00000012997  8.9080276323309e-14  0.8000000000397  0.19999999996028  
 0.01625   300.00000012997  8.9080276323309e-14  0.8000000000397  0.19999999996028  
 0.0165625   300.00000012997  8.9080276323309e-14  0.8000000000397  0.19999999996028  
 0.016875   300.00000012997  8.9080276323309e-14  0.8000000000397  0.19999999996028  
 0.0171875   300.00000012997  8.9080276323309e-14  0.8000000000397  0.19999999996028  
 0.0175   300.00000012997  8.9080276323309e-14  0.8000000000397  0.19999999996028  
 0.0178125   300.00000012997  8.9080276323309e-14  0.8000000000397  0.19999999996028  
 0.018125   300.00000012997  8.9080276323309e-14  0.8000000000397  0.19999999996028  
 0.0184375   300.00000012997  8.9080276323309e-14  0.8000000000397  0.19999999996028  
 0.01875   300.00000012997  8.9080276323309e-14  0.8000000000397  0.19999999996028  
 0.0190625   300.00000012997  8.9080276323309e-14  0.8000000000397  0.19999999996028  
 0.019375   300.00000012997  8.9080276323309e-14  0.8000000000397  0.19999999996028  
 0.0196875   300.00000012997  8.9080276323309e-14  0.8000000000397  0.19999999996028  
 0.02   300  0  0.8  0.2  
