# TIME: 0.00056000000000001
#  x     Variables:...

 0   1000  0  0.8  0.2  
 0.0003125   725.92647562112  9.9442688253138e-05  0.81781345677541  0.18208710058807  
 0.000625   423.57235255803  4.7490018115733e-07  0.80100918445412  0.19899034063298  
 0.0009375   326.06782620149  1.7722271059419e-09  0.80005551589759  0.19994448233014  
 0.00125   304.2523961756  5.2158954289721e-12  0.80000289097673  0.19999710901805  
 0.0015625   300.56565347866  1.1009566875728e-13  0.80000014073156  0.19999985926833  
 0.001875   300.06350733045  8.9909290639402e-14  0.80000000639956  0.19999999360036  
 0.0021875   300.00616551225  8.9156908516225e-14  0.80000000027996  0.19999999971996  
 0.0025   300.00052715619  8.9086813189519e-14  0.8000000000194  0.19999999998052  
 0.0028125   300.00004028935  8.9080774212317e-14  0.80000000000899  0.19999999999093  
 0.003125   300.00000280633  8.9080309501671e-14  0.8000000000086  0.19999999999132  
 0.0034375   300.00000020218  8.9080277228161e-14  0.80000000000859  0.19999999999133  
 0.00375   300.0000000373  8.9080275185567e-14  0.80000000000859  0.19999999999133  
 0.0040625   300.0000000277  8.908027506679e-14  0.80000000000859  0.19999999999133  
 0.004375   300.00000002719  8.9080275060399e-14  0.80000000000859  0.19999999999133  
 0.0046875   300.00000002716  8.9080275060074e-14  0.80000000000859  0.19999999999133  
 0.005   300.00000002716  8.9080275060069e-14  0.80000000000859  0.19999999999133  
 0.0053125   300.00000002716  8.9080275060069e-14  0.80000000000859  0.19999999999133  
 0.005625   300.00000002716  8.9080275060069e-14  0.80000000000859  0.19999999999133  
 0.0059375   300.00000002716  8.9080275060069e-14  0.80000000000859  0.19999999999133  
 0.00625   300.00000002716  8.9080275060069e-14  0.80000000000859  0.19999999999133  
 0.0065625   300.00000002716  8.9080275060069e-14  0.80000000000859  0.19999999999133  
 0.006875   300.00000002716  8.9080275060069e-14  0.80000000000859  0.19999999999133  
 0.0071875   300.00000002716  8.9080275060069e-14  0.80000000000859  0.19999999999133  
 0.0075   300.00000002716  8.9080275060069e-14  0.80000000000859  0.19999999999133  
 0.0078125   300.00000002716  8.9080275060069e-14  0.80000000000859  0.19999999999133  
 0.008125   300.00000002716  8.9080275060069e-14  0.80000000000859  0.19999999999133  
 0.0084375   300.00000002716  8.9080275060069e-14  0.80000000000859  0.19999999999133  
 0.00875   300.00000002716  8.9080275060069e-14  0.80000000000859  0.19999999999133  
 0.0090625   300.00000002716  8.9080275060069e-14  0.80000000000859  0.19999999999133  
 0.009375   300.00000002716  8.9080275060069e-14  0.80000000000859  0.19999999999133  
 0.0096875   300.00000002716  8.9080275060069e-14  0.80000000000859  0.19999999999133  
 0.01   300.00000002716  8.9080275060069e-14  0.80000000000859  0.19999999999133  
 0.0103125   300.00000002716  8.9080275060069e-14  0.80000000000859  0.19999999999133  
 0.010625   300.00000002716  8.9080275060069e-14  0.80000000000859  0.19999999999133  
 0.0109375   300.00000002716  8.9080275060069e-14  0.80000000000859  0.19999999999133  
 0.01125   300.00000002716  8.9080275060069e-14  0.80000000000859  0.19999999999133  
 0.0115625   300.00000002716  8.9080275060069e-14  0.80000000000859  0.19999999999133  
 0.011875   300.00000002716  8.9080275060069e-14  0.80000000000859  0.19999999999133  
 0.0121875   300.00000002716  8.9080275060069e-14  0.80000000000859  0.19999999999133  
 0.0125   300.00000002716  8.9080275060069e-14  0.80000000000859  0.19999999999133  
 0.0128125   300.00000002716  8.9080275060069e-14  0.80000000000859  0.19999999999133  
 0.013125   300.00000002716  8.9080275060069e-14  0.80000000000859  0.19999999999133  
 0.0134375   300.00000002716  8.9080275060069e-14  0.80000000000859  0.19999999999133  
 0.01375   300.00000002716  8.9080275060069e-14  0.80000000000859  0.19999999999133  
 0.0140625   300.00000002716  8.9080275060069e-14  0.80000000000859  0.19999999999133  
 0.014375   300.00000002716  8.9080275060069e-14  0.80000000000859  0.19999999999133  
 0.0146875   300.00000002716  8.9080275060069e-14  0.80000000000859  0.19999999999133  
 0.015   300.00000002716  8.9080275060069e-14  0.80000000000859  0.19999999999133  
 0.0153125   300.00000002716  8.9080275060069e-14  0.80000000000859  0.19999999999133  
 0.015625   300.00000002716  8.9080275060069e-14  0.80000000000859  0.19999999999133  
 0.0159375   300.00000002716  8.9080275060069e-14  0.80000000000859  0.19999999999133  
 0.01625   300.00000002716  8.9080275060069e-14  0.80000000000859  0.19999999999133  
 0.0165625   300.00000002716  8.9080275060069e-14  0.80000000000859  0.19999999999133  
 0.016875   300.00000002716  8.9080275060069e-14  0.80000000000859  0.19999999999133  
 0.0171875   300.00000002716  8.9080275060069e-14  0.80000000000859  0.19999999999133  
 0.0175   300.00000002716  8.9080275060069e-14  0.80000000000859  0.19999999999133  
 0.0178125   300.00000002716  8.9080275060069e-14  0.80000000000859  0.19999999999133  
 0.018125   300.00000002716  8.9080275060069e-14  0.80000000000859  0.19999999999133  
 0.0184375   300.00000002716  8.9080275060069e-14  0.80000000000859  0.19999999999133  
 0.01875   300.00000002716  8.9080275060069e-14  0.80000000000859  0.19999999999133  
 0.0190625   300.00000002716  8.9080275060069e-14  0.80000000000859  0.19999999999133  
 0.019375   300.00000002716  8.9080275060069e-14  0.80000000000859  0.19999999999133  
 0.0196875   300.00000002716  8.9080275060069e-14  0.80000000000859  0.19999999999133  
 0.02   300  0  0.8  0.2  
