# TIME: 0.0023
#  x     Variables:...

 0   1000  0  0.8  0.2  
 0.0003125   1171.9758153687  0.0072830640897239  0.99199569563303  0.00072212739400166  
 0.000625   1129.7341185841  0.0031701912188292  0.99673732108473  9.2540323154616e-05  
 0.0009375   1052.0719322776  0.0013396981405583  0.99856540984844  9.4919567268657e-05  
 0.00125   952.40850089976  0.00077635781110239  0.99903442066911  0.00018923442784192  
 0.0015625   781.03258489973  0.00022836928296319  0.92723863662631  0.072532950432255  
 0.001875   480.73712717161  1.1390510381049e-06  0.83537778180785  0.16462107908006  
 0.0021875   356.74579130759  5.575592035119e-09  0.80888209244313  0.19111790198113  
 0.0025   315.69485924353  1.9520128237379e-11  0.80198639941253  0.19801360056795  
 0.0028125   303.96703640949  2.08506786995e-13  0.80040186285301  0.19959813714679  
 0.003125   300.93193801773  1.0154063671165e-13  0.80007436391816  0.19992563608175  
 0.0034375   300.20508502852  9.1658859035101e-14  0.80001267469672  0.19998732530321  
 0.00375   300.04247596896  8.9608603347165e-14  0.80000200067449  0.19999799932544  
 0.0040625   300.00830779365  8.9183406929433e-14  0.80000029393923  0.19999970606071  
 0.004375   300.00153853398  8.9099370442123e-14  0.80000004040246  0.19999995959748  
 0.0046875   300.00027039999  8.9083631188992e-14  0.8000000052403  0.19999999475964  
 0.005   300.00004524476  8.9080836398452e-14  0.80000000066741  0.19999999933253  
 0.0053125   300.00000728675  8.9080365178664e-14  0.80000000010752  0.19999999989243  
 0.005625   300.00000120064  8.9080289618377e-14  0.80000000004276  0.19999999995719  
 0.0059375   300.00000027114  8.9080278078025e-14  0.80000000003567  0.19999999996429  
 0.00625   300.00000013572  8.9080276396737e-14  0.80000000003493  0.19999999996503  
 0.0065625   300.00000011688  8.9080276162749e-14  0.80000000003487  0.1999999999651  
 0.006875   300.00000011437  8.9080276131589e-14  0.80000000003487  0.19999999996511  
 0.0071875   300.00000011405  8.9080276127612e-14  0.80000000003487  0.19999999996511  
 0.0075   300.00000011401  8.9080276127124e-14  0.80000000003487  0.19999999996511  
 0.0078125   300.000000114  8.9080276127078e-14  0.80000000003487  0.19999999996511  
 0.008125   300.000000114  8.9080276127077e-14  0.80000000003487  0.19999999996511  
 0.0084375   300.000000114  8.9080276127077e-14  0.80000000003487  0.19999999996511  
 0.00875   300.000000114  8.9080276127077e-14  0.80000000003487  0.19999999996511  
 0.0090625   300.000000114  8.9080276127077e-14  0.80000000003487  0.19999999996511  
 0.009375   300.000000114  8.9080276127077e-14  0.80000000003487  0.19999999996511  
 0.0096875   300.000000114  8.9080276127077e-14  0.80000000003487  0.19999999996511  
 0.01   300.000000114  8.9080276127077e-14  0.80000000003487  0.19999999996511  
 0.0103125   300.000000114  8.9080276127077e-14  0.80000000003487  0.19999999996511  
 0.010625   300.000000114  8.9080276127077e-14  0.80000000003487  0.19999999996511  
 0.0109375   300.000000114  8.9080276127077e-14  0.80000000003487  0.19999999996511  
 0.01125   300.000000114  8.9080276127077e-14  0.80000000003487  0.19999999996511  
 0.0115625   300.000000114  8.9080276127077e-14  0.80000000003487  0.19999999996511  
 0.011875   300.000000114  8.9080276127077e-14  0.80000000003487  0.19999999996511  
 0.0121875   300.000000114  8.9080276127077e-14  0.80000000003487  0.19999999996511  
 0.0125   300.000000114  8.9080276127077e-14  0.80000000003487  0.19999999996511  
 0.0128125   300.000000114  8.9080276127077e-14  0.80000000003487  0.19999999996511  
 0.013125   300.000000114  8.9080276127077e-14  0.80000000003487  0.19999999996511  
 0.0134375   300.000000114  8.9080276127077e-14  0.80000000003487  0.19999999996511  
 0.01375   300.000000114  8.9080276127077e-14  0.80000000003487  0.19999999996511  
 0.0140625   300.000000114  8.9080276127077e-14  0.80000000003487  0.19999999996511  
 0.014375   300.000000114  8.9080276127077e-14  0.80000000003487  0.19999999996511  
 0.0146875   300.000000114  8.9080276127077e-14  0.80000000003487  0.19999999996511  
 0.015   300.000000114  8.9080276127077e-14  0.80000000003487  0.19999999996511  
 0.0153125   300.000000114  8.9080276127077e-14  0.80000000003487  0.19999999996511  
 0.015625   300.000000114  8.9080276127077e-14  0.80000000003487  0.19999999996511  
 0.0159375   300.000000114  8.9080276127077e-14  0.80000000003487  0.19999999996511  
 0.01625   300.000000114  8.9080276127077e-14  0.80000000003487  0.19999999996511  
 0.0165625   300.000000114  8.9080276127077e-14  0.80000000003487  0.19999999996511  
 0.016875   300.000000114  8.9080276127077e-14  0.80000000003487  0.19999999996511  
 0.0171875   300.000000114  8.9080276127077e-14  0.80000000003487  0.19999999996511  
 0.0175   300.000000114  8.9080276127077e-14  0.80000000003487  0.19999999996511  
 0.0178125   300.000000114  8.9080276127077e-14  0.80000000003487  0.19999999996511  
 0.018125   300.000000114  8.9080276127077e-14  0.80000000003487  0.19999999996511  
 0.0184375   300.000000114  8.9080276127077e-14  0.80000000003487  0.19999999996511  
 0.01875   300.000000114  8.9080276127077e-14  0.80000000003487  0.19999999996511  
 0.0190625   300.000000114  8.9080276127077e-14  0.80000000003487  0.19999999996511  
 0.019375   300.000000114  8.9080276127077e-14  0.80000000003487  0.19999999996511  
 0.0196875   300.000000114  8.9080276127077e-14  0.80000000003487  0.19999999996511  
 0.02   300  0  0.8  0.2  
