# TIME: 0.0019199999999999
#  x     Variables:...

 0   1000  0  0.8  0.2  
 0.0003125   1161.7299926026  0.006890113618724  0.99233847658987  0.00077210675614063  
 0.000625   1102.4844889605  0.0027938506416026  0.99709902388322  0.00010717767867363  
 0.0009375   1002.74763142  0.0012026509809331  0.99864827482317  0.00014910178143019  
 0.00125   958.29153252702  0.0016863522909321  0.9956815465731  0.0026320491454462  
 0.0015625   531.23192429786  7.6363980989431e-06  0.84582940983764  0.15416295181507  
 0.001875   366.68713651884  4.1215693400452e-08  0.81000875915809  0.1899911996252  
 0.0021875   317.29157309333  1.4827310648972e-10  0.80201199233011  0.19798800752162  
 0.0025   304.08204175778  5.951562668498e-13  0.8003626331163  0.19963736688311  
 0.0028125   300.89071263255  1.0206253089584e-13  0.80005893652205  0.19994106347786  
 0.003125   300.18136295594  9.1361239229496e-14  0.80000872608078  0.19999127391914  
 0.0034375   300.0346337074  8.9511017676493e-14  0.80000118700127  0.19999881299866  
 0.00375   300.00622042146  8.9157509165704e-14  0.8000001493643  0.19999985063563  
 0.0040625   300.00105284868  8.9093345082738e-14  0.80000001750472  0.19999998249522  
 0.004375   300.00016826062  8.9082363655897e-14  0.80000000194078  0.19999999805915  
 0.0046875   300.00002548858  8.9080591164355e-14  0.80000000022546  0.19999999977448  
 0.005   300.00000372573  8.9080320970377e-14  0.80000000004812  0.19999999995182  
 0.0053125   300.00000058739  8.9080282006578e-14  0.80000000003085  0.1999999999691  
 0.005625   300.00000015848  8.908027668159e-14  0.80000000002927  0.19999999997069  
 0.0059375   300.00000010282  8.9080275990627e-14  0.80000000002913  0.19999999997083  
 0.00625   300.00000009595  8.9080275905333e-14  0.80000000002913  0.19999999997083  
 0.0065625   300.00000009514  8.9080275895301e-14  0.80000000002913  0.19999999997083  
 0.006875   300.00000009505  8.9080275894172e-14  0.80000000002913  0.19999999997083  
 0.0071875   300.00000009504  8.9080275894053e-14  0.80000000002913  0.19999999997083  
 0.0075   300.00000009504  8.9080275894053e-14  0.80000000002913  0.19999999997083  
 0.0078125   300.00000009504  8.9080275894053e-14  0.80000000002913  0.19999999997083  
 0.008125   300.00000009504  8.9080275894053e-14  0.80000000002913  0.19999999997083  
 0.0084375   300.00000009504  8.9080275894053e-14  0.80000000002913  0.19999999997083  
 0.00875   300.00000009504  8.9080275894053e-14  0.80000000002913  0.19999999997083  
 0.0090625   300.00000009504  8.9080275894053e-14  0.80000000002913  0.19999999997083  
 0.009375   300.00000009504  8.9080275894053e-14  0.80000000002913  0.19999999997083  
 0.0096875   300.00000009504  8.9080275894053e-14  0.80000000002913  0.19999999997083  
 0.01   300.00000009504  8.9080275894053e-14  0.80000000002913  0.19999999997083  
 0.0103125   300.00000009504  8.9080275894053e-14  0.80000000002913  0.19999999997083  
 0.010625   300.00000009504  8.9080275894053e-14  0.80000000002913  0.19999999997083  
 0.0109375   300.00000009504  8.9080275894053e-14  0.80000000002913  0.19999999997083  
 0.01125   300.00000009504  8.9080275894053e-14  0.80000000002913  0.19999999997083  
 0.0115625   300.00000009504  8.9080275894053e-14  0.80000000002913  0.19999999997083  
 0.011875   300.00000009504  8.9080275894053e-14  0.80000000002913  0.19999999997083  
 0.0121875   300.00000009504  8.9080275894053e-14  0.80000000002913  0.19999999997083  
 0.0125   300.00000009504  8.9080275894053e-14  0.80000000002913  0.19999999997083  
 0.0128125   300.00000009504  8.9080275894053e-14  0.80000000002913  0.19999999997083  
 0.013125   300.00000009504  8.9080275894053e-14  0.80000000002913  0.19999999997083  
 0.0134375   300.00000009504  8.9080275894053e-14  0.80000000002913  0.19999999997083  
 0.01375   300.00000009504  8.9080275894053e-14  0.80000000002913  0.19999999997083  
 0.0140625   300.00000009504  8.9080275894053e-14  0.80000000002913  0.19999999997083  
 0.014375   300.00000009504  8.9080275894053e-14  0.80000000002913  0.19999999997083  
 0.0146875   300.00000009504  8.9080275894053e-14  0.80000000002913  0.19999999997083  
 0.015   300.00000009504  8.9080275894053e-14  0.80000000002913  0.19999999997083  
 0.0153125   300.00000009504  8.9080275894053e-14  0.80000000002913  0.19999999997083  
 0.015625   300.00000009504  8.9080275894053e-14  0.80000000002913  0.19999999997083  
 0.0159375   300.00000009504  8.9080275894053e-14  0.80000000002913  0.19999999997083  
 0.01625   300.00000009504  8.9080275894053e-14  0.80000000002913  0.19999999997083  
 0.0165625   300.00000009504  8.9080275894053e-14  0.80000000002913  0.19999999997083  
 0.016875   300.00000009504  8.9080275894053e-14  0.80000000002913  0.19999999997083  
 0.0171875   300.00000009504  8.9080275894053e-14  0.80000000002913  0.19999999997083  
 0.0175   300.00000009504  8.9080275894053e-14  0.80000000002913  0.19999999997083  
 0.0178125   300.00000009504  8.9080275894053e-14  0.80000000002913  0.19999999997083  
 0.018125   300.00000009504  8.9080275894053e-14  0.80000000002913  0.19999999997083  
 0.0184375   300.00000009504  8.9080275894053e-14  0.80000000002913  0.19999999997083  
 0.01875   300.00000009504  8.9080275894053e-14  0.80000000002913  0.19999999997083  
 0.0190625   300.00000009504  8.9080275894053e-14  0.80000000002913  0.19999999997083  
 0.019375   300.00000009504  8.9080275894053e-14  0.80000000002913  0.19999999997083  
 0.0196875   300.00000009504  8.9080275894053e-14  0.80000000002913  0.19999999997083  
 0.02   300  0  0.8  0.2  
