# TIME: 0.00272
#  x     Variables:...

 0   1000  0  0.8  0.2  
 0.0003125   1180.3448050987  0.0076101716763136  0.99170638759055  0.00068454298783413  
 0.000625   1151.8559072225  0.0035266046472069  0.99639042174729  8.3026686578659e-05  
 0.0009375   1088.3603442073  0.0016009929648874  0.99832264117491  7.6393476210286e-05  
 0.00125   1009.1574846162  0.0007353430468563  0.99917172115772  9.2954708865881e-05  
 0.0015625   924.80498862947  0.00064001615869452  0.99913038515555  0.00022959765010237  
 0.001875   706.82407139765  6.8513866983408e-05  0.90454281142076  0.095388643910025  
 0.0021875   460.26080180217  3.8277328423805e-07  0.83187268463376  0.16812693257218  
 0.0025   352.48772131051  1.8881779319997e-09  0.80855330300933  0.19144669510243  
 0.0028125   315.39062714909  7.1069384900415e-12  0.8020828494735  0.1979171505194  
 0.003125   304.16730546704  1.7718292586417e-13  0.80046650659302  0.19953349340682  
 0.0034375   301.05413560234  1.0316414683847e-13  0.80009662839219  0.19990337160772  
 0.00375   300.25058666818  9.2238818432975e-14  0.80001858468455  0.19998141531537  
 0.0040625   300.05622139678  8.9779942900387e-14  0.80000333266063  0.19999666733931  
 0.004375   300.01194628132  8.9228559678472e-14  0.80000055947031  0.19999944052962  
 0.0046875   300.00241097745  8.9110191912483e-14  0.8000000882804  0.19999991171954  
 0.005   300.00046329871  8.9086024393094e-14  0.80000001316398  0.19999998683597  
 0.0053125   300.00008500775  8.9081329858997e-14  0.80000000188703  0.19999999811291  
 0.005625   300.000014994  8.9080460845253e-14  0.80000000028745  0.19999999971251  
 0.0059375   300.00000262402  8.9080307286629e-14  0.80000000007242  0.19999999992754  
 0.00625   300.00000053442  8.9080281344256e-14  0.80000000004496  0.19999999995501  
 0.0065625   300.00000019646  8.908027714817e-14  0.80000000004162  0.19999999995835  
 0.006875   300.00000014406  8.9080276497518e-14  0.80000000004124  0.19999999995874  
 0.0071875   300.00000013626  8.9080276400669e-14  0.80000000004121  0.19999999995878  
 0.0075   300.00000013514  8.908027638681e-14  0.80000000004121  0.19999999995878  
 0.0078125   300.00000013499  8.9080276384902e-14  0.80000000004121  0.19999999995878  
 0.008125   300.00000013496  8.9080276384632e-14  0.80000000004121  0.19999999995878  
 0.0084375   300.00000013496  8.9080276384631e-14  0.80000000004121  0.19999999995878  
 0.00875   300.00000013496  8.9080276384631e-14  0.80000000004121  0.19999999995878  
 0.0090625   300.00000013496  8.9080276384631e-14  0.80000000004121  0.19999999995878  
 0.009375   300.00000013496  8.9080276384631e-14  0.80000000004121  0.19999999995878  
 0.0096875   300.00000013496  8.9080276384631e-14  0.80000000004121  0.19999999995878  
 0.01   300.00000013496  8.9080276384631e-14  0.80000000004121  0.19999999995878  
 0.0103125   300.00000013496  8.9080276384631e-14  0.80000000004121  0.19999999995878  
 0.010625   300.00000013496  8.9080276384631e-14  0.80000000004121  0.19999999995878  
 0.0109375   300.00000013496  8.9080276384631e-14  0.80000000004121  0.19999999995878  
 0.01125   300.00000013496  8.9080276384631e-14  0.80000000004121  0.19999999995878  
 0.0115625   300.00000013496  8.9080276384631e-14  0.80000000004121  0.19999999995878  
 0.011875   300.00000013496  8.9080276384631e-14  0.80000000004121  0.19999999995878  
 0.0121875   300.00000013496  8.9080276384631e-14  0.80000000004121  0.19999999995878  
 0.0125   300.00000013496  8.9080276384631e-14  0.80000000004121  0.19999999995878  
 0.0128125   300.00000013496  8.9080276384631e-14  0.80000000004121  0.19999999995878  
 0.013125   300.00000013496  8.9080276384631e-14  0.80000000004121  0.19999999995878  
 0.0134375   300.00000013496  8.9080276384631e-14  0.80000000004121  0.19999999995878  
 0.01375   300.00000013496  8.9080276384631e-14  0.80000000004121  0.19999999995878  
 0.0140625   300.00000013496  8.9080276384631e-14  0.80000000004121  0.19999999995878  
 0.014375   300.00000013496  8.9080276384631e-14  0.80000000004121  0.19999999995878  
 0.0146875   300.00000013496  8.9080276384631e-14  0.80000000004121  0.19999999995878  
 0.015   300.00000013496  8.9080276384631e-14  0.80000000004121  0.19999999995878  
 0.0153125   300.00000013496  8.9080276384631e-14  0.80000000004121  0.19999999995878  
 0.015625   300.00000013496  8.9080276384631e-14  0.80000000004121  0.19999999995878  
 0.0159375   300.00000013496  8.9080276384631e-14  0.80000000004121  0.19999999995878  
 0.01625   300.00000013496  8.9080276384631e-14  0.80000000004121  0.19999999995878  
 0.0165625   300.00000013496  8.9080276384631e-14  0.80000000004121  0.19999999995878  
 0.016875   300.00000013496  8.9080276384631e-14  0.80000000004121  0.19999999995878  
 0.0171875   300.00000013496  8.9080276384631e-14  0.80000000004121  0.19999999995878  
 0.0175   300.00000013496  8.9080276384631e-14  0.80000000004121  0.19999999995878  
 0.0178125   300.00000013496  8.9080276384631e-14  0.80000000004121  0.19999999995878  
 0.018125   300.00000013496  8.9080276384631e-14  0.80000000004121  0.19999999995878  
 0.0184375   300.00000013496  8.9080276384631e-14  0.80000000004121  0.19999999995878  
 0.01875   300.00000013496  8.9080276384631e-14  0.80000000004121  0.19999999995878  
 0.0190625   300.00000013496  8.9080276384631e-14  0.80000000004121  0.19999999995878  
 0.019375   300.00000013496  8.9080276384631e-14  0.80000000004121  0.19999999995878  
 0.0196875   300.00000013496  8.9080276384631e-14  0.80000000004121  0.19999999995878  
 0.02   300  0  0.8  0.2  
