# TIME: 0.00232
#  x     Variables:...

 0   1000  0  0.8  0.2  
 0.0003125   1172.4386027852  0.0073009464099478  0.99197997413372  0.00071997671193762  
 0.000625   1130.9533630315  0.0031888575901587  0.99671922445774  9.1970600553915e-05  
 0.0009375   1053.8701111549  0.0013511179398675  0.99855509289698  9.3816723174261e-05  
 0.00125   954.26368933708  0.00076153476232616  0.9990554119169  0.0001830681648132  
 0.0015625   807.52838135012  0.00033058351636367  0.93762954685495  0.062039824424588  
 0.001875   489.34380354669  1.5993541571861e-06  0.8375500019024  0.16244839865655  
 0.0021875   359.91688210706  7.8908330402016e-09  0.8094936551963  0.19050633691267  
 0.0025   316.718715444  2.7638354343104e-11  0.80214613013498  0.19785386983739  
 0.0028125   304.25872317738  2.3797352348051e-13  0.80043878697886  0.19956121302091  
 0.003125   301.00766843528  1.0267358231861e-13  0.80008203995312  0.19991796004679  
 0.0034375   300.22330530408  9.1891433166826e-14  0.80001412874577  0.19998587125415  
 0.00375   300.046571972  8.9659688554875e-14  0.80000225368754  0.19999774631239  
 0.0040625   300.0091726106  8.9194145563892e-14  0.80000033462607  0.19999966537386  
 0.004375   300.00171068041  8.9101506760477e-14  0.80000004648155  0.19999995351839  
 0.0046875   300.00030280133  8.9084033326042e-14  0.80000000608852  0.19999999391142  
 0.005   300.00005102525  8.9080908152494e-14  0.80000000077863  0.19999999922131  
 0.0053125   300.00000826664  8.9080377343641e-14  0.80000000012148  0.19999999987847  
 0.005625   300.00000135933  8.9080291588483e-14  0.80000000004465  0.1999999999553  
 0.0059375   300.00000029633  8.9080278390724e-14  0.80000000003614  0.19999999996382  
 0.00625   300.00000014026  8.9080276452978e-14  0.80000000003525  0.19999999996471  
 0.0065625   300.00000011837  8.9080276181164e-14  0.80000000003517  0.1999999999648  
 0.006875   300.00000011543  8.9080276144676e-14  0.80000000003517  0.19999999996481  
 0.0071875   300.00000011505  8.9080276139982e-14  0.80000000003517  0.19999999996481  
 0.0075   300.00000011501  8.9080276139404e-14  0.80000000003517  0.19999999996481  
 0.0078125   300.000000115  8.9080276139342e-14  0.80000000003517  0.19999999996481  
 0.008125   300.000000115  8.9080276139342e-14  0.80000000003517  0.19999999996481  
 0.0084375   300.000000115  8.9080276139342e-14  0.80000000003517  0.19999999996481  
 0.00875   300.000000115  8.9080276139342e-14  0.80000000003517  0.19999999996481  
 0.0090625   300.000000115  8.9080276139342e-14  0.80000000003517  0.19999999996481  
 0.009375   300.000000115  8.9080276139342e-14  0.80000000003517  0.19999999996481  
 0.0096875   300.000000115  8.9080276139342e-14  0.80000000003517  0.19999999996481  
 0.01   300.000000115  8.9080276139342e-14  0.80000000003517  0.19999999996481  
 0.0103125   300.000000115  8.9080276139342e-14  0.80000000003517  0.19999999996481  
 0.010625   300.000000115  8.9080276139342e-14  0.80000000003517  0.19999999996481  
 0.0109375   300.000000115  8.9080276139342e-14  0.80000000003517  0.19999999996481  
 0.01125   300.000000115  8.9080276139342e-14  0.80000000003517  0.19999999996481  
 0.0115625   300.000000115  8.9080276139342e-14  0.80000000003517  0.19999999996481  
 0.011875   300.000000115  8.9080276139342e-14  0.80000000003517  0.19999999996481  
 0.0121875   300.000000115  8.9080276139342e-14  0.80000000003517  0.19999999996481  
 0.0125   300.000000115  8.9080276139342e-14  0.80000000003517  0.19999999996481  
 0.0128125   300.000000115  8.9080276139342e-14  0.80000000003517  0.19999999996481  
 0.013125   300.000000115  8.9080276139342e-14  0.80000000003517  0.19999999996481  
 0.0134375   300.000000115  8.9080276139342e-14  0.80000000003517  0.19999999996481  
 0.01375   300.000000115  8.9080276139342e-14  0.80000000003517  0.19999999996481  
 0.0140625   300.000000115  8.9080276139342e-14  0.80000000003517  0.19999999996481  
 0.014375   300.000000115  8.9080276139342e-14  0.80000000003517  0.19999999996481  
 0.0146875   300.000000115  8.9080276139342e-14  0.80000000003517  0.19999999996481  
 0.015   300.000000115  8.9080276139342e-14  0.80000000003517  0.19999999996481  
 0.0153125   300.000000115  8.9080276139342e-14  0.80000000003517  0.19999999996481  
 0.015625   300.000000115  8.9080276139342e-14  0.80000000003517  0.19999999996481  
 0.0159375   300.000000115  8.9080276139342e-14  0.80000000003517  0.19999999996481  
 0.01625   300.000000115  8.9080276139342e-14  0.80000000003517  0.19999999996481  
 0.0165625   300.000000115  8.9080276139342e-14  0.80000000003517  0.19999999996481  
 0.016875   300.000000115  8.9080276139342e-14  0.80000000003517  0.19999999996481  
 0.0171875   300.000000115  8.9080276139342e-14  0.80000000003517  0.19999999996481  
 0.0175   300.000000115  8.9080276139342e-14  0.80000000003517  0.19999999996481  
 0.0178125   300.000000115  8.9080276139342e-14  0.80000000003517  0.19999999996481  
 0.018125   300.000000115  8.9080276139342e-14  0.80000000003517  0.19999999996481  
 0.0184375   300.000000115  8.9080276139342e-14  0.80000000003517  0.19999999996481  
 0.01875   300.000000115  8.9080276139342e-14  0.80000000003517  0.19999999996481  
 0.0190625   300.000000115  8.9080276139342e-14  0.80000000003517  0.19999999996481  
 0.019375   300.000000115  8.9080276139342e-14  0.80000000003517  0.19999999996481  
 0.0196875   300.000000115  8.9080276139342e-14  0.80000000003517  0.19999999996481  
 0.02   300  0  0.8  0.2  
