# TIME: 0.00216
#  x     Variables:...

 0   1000  0  0.8  0.2  
 0.0003125   1168.5287886861  0.0071507246456625  0.99211167332114  0.00073841852122629  
 0.000625   1120.5425549537  0.0030354622201376  0.99686751431097  9.7075943444326e-05  
 0.0009375   1038.2337677264  0.0012660114231686  0.99862911033518  0.00010490578690902  
 0.00125   946.70451484573  0.0009520406056351  0.9988175630301  0.00023039005530216  
 0.0015625   671.09733496268  3.6195355643561e-05  0.88728396750174  0.11267980750917  
 0.001875   430.91319203082  2.010019112332e-07  0.82351831603935  0.17648148294864  
 0.0021875   337.98019982362  8.8332067338195e-10  0.80542094480284  0.19457905431381  
 0.0025   309.86793473971  3.1348910630555e-12  0.8011188022929  0.19888119770397  
 0.0028125   302.36442406155  1.3162148472249e-13  0.80020992647337  0.19979007352651  
 0.003125   300.5279923993  9.5887927411045e-14  0.80003603822352  0.1999639617764  
 0.0034375   300.11051951216  9.0461240775411e-14  0.80000569164924  0.19999430835069  
 0.00375   300.02177373399  8.9350796622052e-14  0.80000083171049  0.19999916828944  
 0.0040625   300.00404960996  8.9130542798794e-14  0.80000011308217  0.19999988691776  
 0.004375   300.00071266713  8.9089121037447e-14  0.80000001439711  0.19999998560283  
 0.0046875   300.00011894838  8.9081751367475e-14  0.80000000174622  0.19999999825372  
 0.005   300.00001892287  8.9080509642872e-14  0.80000000022535  0.19999999977459  
 0.0053125   300.00000293931  8.9080311205727e-14  0.8000000000532  0.19999999994675  
 0.005625   300.00000051295  8.908028108111e-14  0.80000000003479  0.19999999996516  
 0.0059375   300.00000016249  8.908027673e-14  0.80000000003293  0.19999999996703  
 0.00625   300.00000011426  8.9080276131112e-14  0.80000000003276  0.1999999999672  
 0.0065625   300.00000010792  8.9080276052435e-14  0.80000000003275  0.19999999996722  
 0.006875   300.00000010712  8.9080276042553e-14  0.80000000003275  0.19999999996722  
 0.0071875   300.00000010703  8.9080276041364e-14  0.80000000003275  0.19999999996722  
 0.0075   300.00000010702  8.9080276041226e-14  0.80000000003275  0.19999999996722  
 0.0078125   300.00000010702  8.9080276041226e-14  0.80000000003275  0.19999999996722  
 0.008125   300.00000010702  8.9080276041226e-14  0.80000000003275  0.19999999996722  
 0.0084375   300.00000010702  8.9080276041226e-14  0.80000000003275  0.19999999996722  
 0.00875   300.00000010702  8.9080276041226e-14  0.80000000003275  0.19999999996722  
 0.0090625   300.00000010702  8.9080276041226e-14  0.80000000003275  0.19999999996722  
 0.009375   300.00000010702  8.9080276041226e-14  0.80000000003275  0.19999999996722  
 0.0096875   300.00000010702  8.9080276041226e-14  0.80000000003275  0.19999999996722  
 0.01   300.00000010702  8.9080276041226e-14  0.80000000003275  0.19999999996722  
 0.0103125   300.00000010702  8.9080276041226e-14  0.80000000003275  0.19999999996722  
 0.010625   300.00000010702  8.9080276041226e-14  0.80000000003275  0.19999999996722  
 0.0109375   300.00000010702  8.9080276041226e-14  0.80000000003275  0.19999999996722  
 0.01125   300.00000010702  8.9080276041226e-14  0.80000000003275  0.19999999996722  
 0.0115625   300.00000010702  8.9080276041226e-14  0.80000000003275  0.19999999996722  
 0.011875   300.00000010702  8.9080276041226e-14  0.80000000003275  0.19999999996722  
 0.0121875   300.00000010702  8.9080276041226e-14  0.80000000003275  0.19999999996722  
 0.0125   300.00000010702  8.9080276041226e-14  0.80000000003275  0.19999999996722  
 0.0128125   300.00000010702  8.9080276041226e-14  0.80000000003275  0.19999999996722  
 0.013125   300.00000010702  8.9080276041226e-14  0.80000000003275  0.19999999996722  
 0.0134375   300.00000010702  8.9080276041226e-14  0.80000000003275  0.19999999996722  
 0.01375   300.00000010702  8.9080276041226e-14  0.80000000003275  0.19999999996722  
 0.0140625   300.00000010702  8.9080276041226e-14  0.80000000003275  0.19999999996722  
 0.014375   300.00000010702  8.9080276041226e-14  0.80000000003275  0.19999999996722  
 0.0146875   300.00000010702  8.9080276041226e-14  0.80000000003275  0.19999999996722  
 0.015   300.00000010702  8.9080276041226e-14  0.80000000003275  0.19999999996722  
 0.0153125   300.00000010702  8.9080276041226e-14  0.80000000003275  0.19999999996722  
 0.015625   300.00000010702  8.9080276041226e-14  0.80000000003275  0.19999999996722  
 0.0159375   300.00000010702  8.9080276041226e-14  0.80000000003275  0.19999999996722  
 0.01625   300.00000010702  8.9080276041226e-14  0.80000000003275  0.19999999996722  
 0.0165625   300.00000010702  8.9080276041226e-14  0.80000000003275  0.19999999996722  
 0.016875   300.00000010702  8.9080276041226e-14  0.80000000003275  0.19999999996722  
 0.0171875   300.00000010702  8.9080276041226e-14  0.80000000003275  0.19999999996722  
 0.0175   300.00000010702  8.9080276041226e-14  0.80000000003275  0.19999999996722  
 0.0178125   300.00000010702  8.9080276041226e-14  0.80000000003275  0.19999999996722  
 0.018125   300.00000010702  8.9080276041226e-14  0.80000000003275  0.19999999996722  
 0.0184375   300.00000010702  8.9080276041226e-14  0.80000000003275  0.19999999996722  
 0.01875   300.00000010702  8.9080276041226e-14  0.80000000003275  0.19999999996722  
 0.0190625   300.00000010702  8.9080276041226e-14  0.80000000003275  0.19999999996722  
 0.019375   300.00000010702  8.9080276041226e-14  0.80000000003275  0.19999999996722  
 0.0196875   300.00000010702  8.9080276041226e-14  0.80000000003275  0.19999999996722  
 0.02   300  0  0.8  0.2  
