# TIME: 0.00276
#  x     Variables:...

 0   1000  0  0.8  0.2  
 0.0003125   1181.0169712372  0.0076366310287323  0.99168284729332  0.00068164463932166  
 0.000625   1153.6667369057  0.0035567267715841  0.99636102044276  8.2305909642148e-05  
 0.0009375   1091.4710035482  0.0016268616219995  0.99829806049756  7.5105499985849e-05  
 0.00125   1013.0321041493  0.00074533225289538  0.99916484187051  8.9844789251313e-05  
 0.0015625   926.0690362667  0.00059490628750716  0.99918963139169  0.0002154659153592  
 0.001875   734.31312980123  0.00010983380986036  0.91486046184548  0.085029670053588  
 0.0021875   473.86602079168  6.0196674314624e-07  0.83529312338664  0.16470627461292  
 0.0025   358.05004248706  3.0513089729367e-09  0.80965055744392  0.19034943950469  
 0.0028125   317.27835966886  1.1465853588186e-11  0.80239059666327  0.19760940332527  
 0.003125   304.73907540965  2.0252887315467e-13  0.80054410937901  0.1994558906208  
 0.0034375   301.21367639265  1.0550011271773e-13  0.80011454091943  0.19988545908048  
 0.00375   300.29207013176  9.2771836061869e-14  0.80002239715415  0.19997760284578  
 0.0040625   300.06633280452  8.9906281303927e-14  0.80000408437962  0.19999591562031  
 0.004375   300.01426722738  8.925738503919e-14  0.80000069739309  0.19999930260684  
 0.0046875   300.0029145984  8.9116440472818e-14  0.8000001119304  0.19999988806954  
 0.005   300.00056693577  8.9087310302801e-14  0.80000001696961  0.19999998303033  
 0.0053125   300.00010528725  8.9081581534306e-14  0.80000000246419  0.19999999753576  
 0.005625   300.00001877664  8.9080507797429e-14  0.80000000037059  0.19999999962936  
 0.0059375   300.00000329892  8.9080315664785e-14  0.80000000008422  0.19999999991574  
 0.00625   300.00000065094  8.9080282790545e-14  0.800000000047  0.19999999995296  
 0.0065625   300.00000021712  8.9080277404386e-14  0.8000000000424  0.19999999995757  
 0.006875   300.00000014897  8.9080276558245e-14  0.80000000004186  0.19999999995811  
 0.0071875   300.00000013869  8.9080276430627e-14  0.80000000004181  0.19999999995817  
 0.0075   300.0000001372  8.9080276412122e-14  0.80000000004181  0.19999999995817  
 0.0078125   300.00000013699  8.9080276409539e-14  0.80000000004181  0.19999999995817  
 0.008125   300.00000013696  8.9080276409182e-14  0.80000000004181  0.19999999995817  
 0.0084375   300.00000013696  8.9080276409159e-14  0.80000000004181  0.19999999995817  
 0.00875   300.00000013696  8.9080276409159e-14  0.80000000004181  0.19999999995817  
 0.0090625   300.00000013696  8.9080276409159e-14  0.80000000004181  0.19999999995817  
 0.009375   300.00000013696  8.9080276409159e-14  0.80000000004181  0.19999999995817  
 0.0096875   300.00000013696  8.9080276409159e-14  0.80000000004181  0.19999999995817  
 0.01   300.00000013696  8.9080276409159e-14  0.80000000004181  0.19999999995817  
 0.0103125   300.00000013696  8.9080276409159e-14  0.80000000004181  0.19999999995817  
 0.010625   300.00000013696  8.9080276409159e-14  0.80000000004181  0.19999999995817  
 0.0109375   300.00000013696  8.9080276409159e-14  0.80000000004181  0.19999999995817  
 0.01125   300.00000013696  8.9080276409159e-14  0.80000000004181  0.19999999995817  
 0.0115625   300.00000013696  8.9080276409159e-14  0.80000000004181  0.19999999995817  
 0.011875   300.00000013696  8.9080276409159e-14  0.80000000004181  0.19999999995817  
 0.0121875   300.00000013696  8.9080276409159e-14  0.80000000004181  0.19999999995817  
 0.0125   300.00000013696  8.9080276409159e-14  0.80000000004181  0.19999999995817  
 0.0128125   300.00000013696  8.9080276409159e-14  0.80000000004181  0.19999999995817  
 0.013125   300.00000013696  8.9080276409159e-14  0.80000000004181  0.19999999995817  
 0.0134375   300.00000013696  8.9080276409159e-14  0.80000000004181  0.19999999995817  
 0.01375   300.00000013696  8.9080276409159e-14  0.80000000004181  0.19999999995817  
 0.0140625   300.00000013696  8.9080276409159e-14  0.80000000004181  0.19999999995817  
 0.014375   300.00000013696  8.9080276409159e-14  0.80000000004181  0.19999999995817  
 0.0146875   300.00000013696  8.9080276409159e-14  0.80000000004181  0.19999999995817  
 0.015   300.00000013696  8.9080276409159e-14  0.80000000004181  0.19999999995817  
 0.0153125   300.00000013696  8.9080276409159e-14  0.80000000004181  0.19999999995817  
 0.015625   300.00000013696  8.9080276409159e-14  0.80000000004181  0.19999999995817  
 0.0159375   300.00000013696  8.9080276409159e-14  0.80000000004181  0.19999999995817  
 0.01625   300.00000013696  8.9080276409159e-14  0.80000000004181  0.19999999995817  
 0.0165625   300.00000013696  8.9080276409159e-14  0.80000000004181  0.19999999995817  
 0.016875   300.00000013696  8.9080276409159e-14  0.80000000004181  0.19999999995817  
 0.0171875   300.00000013696  8.9080276409159e-14  0.80000000004181  0.19999999995817  
 0.0175   300.00000013696  8.9080276409159e-14  0.80000000004181  0.19999999995817  
 0.0178125   300.00000013696  8.9080276409159e-14  0.80000000004181  0.19999999995817  
 0.018125   300.00000013696  8.9080276409159e-14  0.80000000004181  0.19999999995817  
 0.0184375   300.00000013696  8.9080276409159e-14  0.80000000004181  0.19999999995817  
 0.01875   300.00000013696  8.9080276409159e-14  0.80000000004181  0.19999999995817  
 0.0190625   300.00000013696  8.9080276409159e-14  0.80000000004181  0.19999999995817  
 0.019375   300.00000013696  8.9080276409159e-14  0.80000000004181  0.19999999995817  
 0.0196875   300.00000013696  8.9080276409159e-14  0.80000000004181  0.19999999995817  
 0.02   300  0  0.8  0.2  
