# TIME: 0.0012
#  x     Variables:...

 0   1000  0  0.8  0.2  
 0.0003125   1131.3520864717  0.0057616572485158  0.99328708615396  0.00095161175298419  
 0.000625   1025.9026749111  0.0026229371099153  0.99717305305429  0.00020402300696755  
 0.0009375   647.14547127285  2.7601018593362e-05  0.86408140193735  0.13589096167405  
 0.00125   393.48289808384  1.4996479640241e-07  0.81136410986823  0.18863574015923  
 0.0015625   320.44915460831  5.4529992438505e-10  0.8015626927368  0.19843730671788  
 0.001875   304.04257208144  1.7452119270076e-12  0.80018160280919  0.19981839718907  
 0.0021875   300.73781820932  1.0314510722012e-13  0.8000186067161  0.1999813932838  
 0.0025   300.12404466672  9.0646049454009e-14  0.80000171353824  0.19999828646168  
 0.0028125   300.01915461662  8.9318459982517e-14  0.80000014331274  0.19999985668718  
 0.003125   300.00271753812  8.9114021842871e-14  0.80000001098761  0.19999998901231  
 0.0034375   300.0003552122  8.9084684674339e-14  0.80000000079315  0.19999999920677  
 0.00375   300.00004298155  8.9080808253385e-14  0.80000000006918  0.19999999993075  
 0.0040625   300.00000487657  8.9080335243114e-14  0.80000000002139  0.19999999997855  
 0.004375   300.00000056338  8.9080281710198e-14  0.80000000001843  0.19999999998151  
 0.0046875   300.00000010853  8.9080276065834e-14  0.80000000001826  0.19999999998168  
 0.005   300.00000006366  8.908027550903e-14  0.80000000001826  0.19999999998169  
 0.0053125   300.0000000595  8.9080275457432e-14  0.80000000001826  0.19999999998169  
 0.005625   300.00000005913  8.9080275452925e-14  0.80000000001826  0.19999999998169  
 0.0059375   300.0000000591  8.9080275452548e-14  0.80000000001826  0.19999999998169  
 0.00625   300.0000000591  8.9080275452532e-14  0.80000000001826  0.19999999998169  
 0.0065625   300.0000000591  8.9080275452532e-14  0.80000000001826  0.19999999998169  
 0.006875   300.0000000591  8.9080275452532e-14  0.80000000001826  0.19999999998169  
 0.0071875   300.0000000591  8.9080275452532e-14  0.80000000001826  0.19999999998169  
 0.0075   300.0000000591  8.9080275452532e-14  0.80000000001826  0.19999999998169  
 0.0078125   300.0000000591  8.9080275452532e-14  0.80000000001826  0.19999999998169  
 0.008125   300.0000000591  8.9080275452532e-14  0.80000000001826  0.19999999998169  
 0.0084375   300.0000000591  8.9080275452532e-14  0.80000000001826  0.19999999998169  
 0.00875   300.0000000591  8.9080275452532e-14  0.80000000001826  0.19999999998169  
 0.0090625   300.0000000591  8.9080275452532e-14  0.80000000001826  0.19999999998169  
 0.009375   300.0000000591  8.9080275452532e-14  0.80000000001826  0.19999999998169  
 0.0096875   300.0000000591  8.9080275452532e-14  0.80000000001826  0.19999999998169  
 0.01   300.0000000591  8.9080275452532e-14  0.80000000001826  0.19999999998169  
 0.0103125   300.0000000591  8.9080275452532e-14  0.80000000001826  0.19999999998169  
 0.010625   300.0000000591  8.9080275452532e-14  0.80000000001826  0.19999999998169  
 0.0109375   300.0000000591  8.9080275452532e-14  0.80000000001826  0.19999999998169  
 0.01125   300.0000000591  8.9080275452532e-14  0.80000000001826  0.19999999998169  
 0.0115625   300.0000000591  8.9080275452532e-14  0.80000000001826  0.19999999998169  
 0.011875   300.0000000591  8.9080275452532e-14  0.80000000001826  0.19999999998169  
 0.0121875   300.0000000591  8.9080275452532e-14  0.80000000001826  0.19999999998169  
 0.0125   300.0000000591  8.9080275452532e-14  0.80000000001826  0.19999999998169  
 0.0128125   300.0000000591  8.9080275452532e-14  0.80000000001826  0.19999999998169  
 0.013125   300.0000000591  8.9080275452532e-14  0.80000000001826  0.19999999998169  
 0.0134375   300.0000000591  8.9080275452532e-14  0.80000000001826  0.19999999998169  
 0.01375   300.0000000591  8.9080275452532e-14  0.80000000001826  0.19999999998169  
 0.0140625   300.0000000591  8.9080275452532e-14  0.80000000001826  0.19999999998169  
 0.014375   300.0000000591  8.9080275452532e-14  0.80000000001826  0.19999999998169  
 0.0146875   300.0000000591  8.9080275452532e-14  0.80000000001826  0.19999999998169  
 0.015   300.0000000591  8.9080275452532e-14  0.80000000001826  0.19999999998169  
 0.0153125   300.0000000591  8.9080275452532e-14  0.80000000001826  0.19999999998169  
 0.015625   300.0000000591  8.9080275452532e-14  0.80000000001826  0.19999999998169  
 0.0159375   300.0000000591  8.9080275452532e-14  0.80000000001826  0.19999999998169  
 0.01625   300.0000000591  8.9080275452532e-14  0.80000000001826  0.19999999998169  
 0.0165625   300.0000000591  8.9080275452532e-14  0.80000000001826  0.19999999998169  
 0.016875   300.0000000591  8.9080275452532e-14  0.80000000001826  0.19999999998169  
 0.0171875   300.0000000591  8.9080275452532e-14  0.80000000001826  0.19999999998169  
 0.0175   300.0000000591  8.9080275452532e-14  0.80000000001826  0.19999999998169  
 0.0178125   300.0000000591  8.9080275452532e-14  0.80000000001826  0.19999999998169  
 0.018125   300.0000000591  8.9080275452532e-14  0.80000000001826  0.19999999998169  
 0.0184375   300.0000000591  8.9080275452532e-14  0.80000000001826  0.19999999998169  
 0.01875   300.0000000591  8.9080275452532e-14  0.80000000001826  0.19999999998169  
 0.0190625   300.0000000591  8.9080275452532e-14  0.80000000001826  0.19999999998169  
 0.019375   300.0000000591  8.9080275452532e-14  0.80000000001826  0.19999999998169  
 0.0196875   300.0000000591  8.9080275452532e-14  0.80000000001826  0.19999999998169  
 0.02   300  0  0.8  0.2  
