# TIME: 0.0019799999999999
#  x     Variables:...

 0   1000  0  0.8  0.2  
 0.0003125   1163.5444146646  0.0069600621273251  0.99227776967707  0.00076289484084683  
 0.000625   1107.1480592755  0.0028548997538795  0.99704070547559  0.0001044470449196  
 0.0009375   1013.8478649855  0.0012048258236549  0.99866334450667  0.00013185727946839  
 0.00125   955.06762421699  0.0014832151313832  0.99815779403006  0.00035895028960138  
 0.0015625   569.48098598585  8.2073609484453e-06  0.856208901003  0.1437828833789  
 0.001875   380.27194338977  4.633563289967e-08  0.81268441674435  0.18731553691805  
 0.0021875   321.25740881345  1.7591805933256e-10  0.80261795552507  0.19738204429901  
 0.0025   305.14242212841  7.1161590269393e-13  0.80048924500729  0.19951075499201  
 0.0028125   301.14992580033  1.0603064999352e-13  0.80008271589044  0.19991728410946  
 0.003125   300.23979179093  9.2107384884094e-14  0.80001274399098  0.19998725600894  
 0.0034375   300.04688957956  8.9663858064195e-14  0.8000018036534  0.19999819634653  
 0.00375   300.00862679863  8.918739477457e-14  0.80000023611437  0.19999976388555  
 0.0040625   300.00149667006  8.9098854183225e-14  0.80000002877387  0.19999997122606  
 0.004375   300.0002453316  8.9083320392353e-14  0.80000000330137  0.19999999669857  
 0.0046875   300.00003811452  8.9080747914537e-14  0.80000000037957  0.19999999962037  
 0.005   300.00000568214  8.9080345260048e-14  0.80000000006522  0.19999999993473  
 0.0053125   300.00000087648  8.9080285595431e-14  0.80000000003337  0.19999999996658  
 0.005625   300.00000020119  8.9080277211583e-14  0.80000000003032  0.19999999996963  
 0.0059375   300.00000011105  8.908027609246e-14  0.80000000003005  0.19999999996991  
 0.00625   300.0000000996  8.9080275950289e-14  0.80000000003004  0.19999999996993  
 0.0065625   300.00000009821  8.908027593307e-14  0.80000000003004  0.19999999996993  
 0.006875   300.00000009805  8.9080275931076e-14  0.80000000003004  0.19999999996993  
 0.0071875   300.00000009803  8.9080275930847e-14  0.80000000003004  0.19999999996993  
 0.0075   300.00000009803  8.9080275930846e-14  0.80000000003004  0.19999999996993  
 0.0078125   300.00000009803  8.9080275930846e-14  0.80000000003004  0.19999999996993  
 0.008125   300.00000009803  8.9080275930846e-14  0.80000000003004  0.19999999996993  
 0.0084375   300.00000009803  8.9080275930846e-14  0.80000000003004  0.19999999996993  
 0.00875   300.00000009803  8.9080275930846e-14  0.80000000003004  0.19999999996993  
 0.0090625   300.00000009803  8.9080275930846e-14  0.80000000003004  0.19999999996993  
 0.009375   300.00000009803  8.9080275930846e-14  0.80000000003004  0.19999999996993  
 0.0096875   300.00000009803  8.9080275930846e-14  0.80000000003004  0.19999999996993  
 0.01   300.00000009803  8.9080275930846e-14  0.80000000003004  0.19999999996993  
 0.0103125   300.00000009803  8.9080275930846e-14  0.80000000003004  0.19999999996993  
 0.010625   300.00000009803  8.9080275930846e-14  0.80000000003004  0.19999999996993  
 0.0109375   300.00000009803  8.9080275930846e-14  0.80000000003004  0.19999999996993  
 0.01125   300.00000009803  8.9080275930846e-14  0.80000000003004  0.19999999996993  
 0.0115625   300.00000009803  8.9080275930846e-14  0.80000000003004  0.19999999996993  
 0.011875   300.00000009803  8.9080275930846e-14  0.80000000003004  0.19999999996993  
 0.0121875   300.00000009803  8.9080275930846e-14  0.80000000003004  0.19999999996993  
 0.0125   300.00000009803  8.9080275930846e-14  0.80000000003004  0.19999999996993  
 0.0128125   300.00000009803  8.9080275930846e-14  0.80000000003004  0.19999999996993  
 0.013125   300.00000009803  8.9080275930846e-14  0.80000000003004  0.19999999996993  
 0.0134375   300.00000009803  8.9080275930846e-14  0.80000000003004  0.19999999996993  
 0.01375   300.00000009803  8.9080275930846e-14  0.80000000003004  0.19999999996993  
 0.0140625   300.00000009803  8.9080275930846e-14  0.80000000003004  0.19999999996993  
 0.014375   300.00000009803  8.9080275930846e-14  0.80000000003004  0.19999999996993  
 0.0146875   300.00000009803  8.9080275930846e-14  0.80000000003004  0.19999999996993  
 0.015   300.00000009803  8.9080275930846e-14  0.80000000003004  0.19999999996993  
 0.0153125   300.00000009803  8.9080275930846e-14  0.80000000003004  0.19999999996993  
 0.015625   300.00000009803  8.9080275930846e-14  0.80000000003004  0.19999999996993  
 0.0159375   300.00000009803  8.9080275930846e-14  0.80000000003004  0.19999999996993  
 0.01625   300.00000009803  8.9080275930846e-14  0.80000000003004  0.19999999996993  
 0.0165625   300.00000009803  8.9080275930846e-14  0.80000000003004  0.19999999996993  
 0.016875   300.00000009803  8.9080275930846e-14  0.80000000003004  0.19999999996993  
 0.0171875   300.00000009803  8.9080275930846e-14  0.80000000003004  0.19999999996993  
 0.0175   300.00000009803  8.9080275930846e-14  0.80000000003004  0.19999999996993  
 0.0178125   300.00000009803  8.9080275930846e-14  0.80000000003004  0.19999999996993  
 0.018125   300.00000009803  8.9080275930846e-14  0.80000000003004  0.19999999996993  
 0.0184375   300.00000009803  8.9080275930846e-14  0.80000000003004  0.19999999996993  
 0.01875   300.00000009803  8.9080275930846e-14  0.80000000003004  0.19999999996993  
 0.0190625   300.00000009803  8.9080275930846e-14  0.80000000003004  0.19999999996993  
 0.019375   300.00000009803  8.9080275930846e-14  0.80000000003004  0.19999999996993  
 0.0196875   300.00000009803  8.9080275930846e-14  0.80000000003004  0.19999999996993  
 0.02   300  0  0.8  0.2  
