# TIME: 0.00072000000000001
#  x     Variables:...

 0   1000  0  0.8  0.2  
 0.0003125   1117.4603683328  0.0062380253347508  0.99276112439151  0.0010009291179629  
 0.000625   562.50150246052  2.2022196960568e-05  0.82606437131898  0.17391359067544  
 0.0009375   355.0753318221  1.1249041956643e-07  0.80178709864865  0.19821278885673  
 0.00125   310.4080407147  3.7185171005274e-10  0.80009517822847  0.19990482139966  
 0.0015625   301.7139616143  1.1922049601612e-12  0.8000046161449  0.19999538385391  
 0.001875   300.24316068284  9.5218331799904e-14  0.80000022189716  0.19999977810275  
 0.0021875   300.03002430066  8.9462531791225e-14  0.80000001078468  0.19999998921523  
 0.0025   300.0032727243  8.9120926336833e-14  0.80000000053038  0.19999999946954  
 0.0028125   300.00031906168  8.9084233487343e-14  0.80000000003534  0.19999999996458  
 0.003125   300.00002815436  8.9080623931261e-14  0.8000000000121  0.19999999998783  
 0.0034375   300.00000229676  8.9080303201522e-14  0.80000000001105  0.19999999998887  
 0.00375   300.00000020242  8.9080277231718e-14  0.80000000001101  0.19999999998892  
 0.0040625   300.0000000466  8.9080275300098e-14  0.80000000001101  0.19999999998892  
 0.004375   300.00000003588  8.9080275167221e-14  0.80000000001101  0.19999999998892  
 0.0046875   300.00000003519  8.9080275158717e-14  0.80000000001101  0.19999999998892  
 0.005   300.00000003515  8.9080275158207e-14  0.80000000001101  0.19999999998892  
 0.0053125   300.00000003515  8.9080275158185e-14  0.80000000001101  0.19999999998892  
 0.005625   300.00000003515  8.9080275158185e-14  0.80000000001101  0.19999999998892  
 0.0059375   300.00000003515  8.9080275158185e-14  0.80000000001101  0.19999999998892  
 0.00625   300.00000003515  8.9080275158185e-14  0.80000000001101  0.19999999998892  
 0.0065625   300.00000003515  8.9080275158185e-14  0.80000000001101  0.19999999998892  
 0.006875   300.00000003515  8.9080275158185e-14  0.80000000001101  0.19999999998892  
 0.0071875   300.00000003515  8.9080275158185e-14  0.80000000001101  0.19999999998892  
 0.0075   300.00000003515  8.9080275158185e-14  0.80000000001101  0.19999999998892  
 0.0078125   300.00000003515  8.9080275158185e-14  0.80000000001101  0.19999999998892  
 0.008125   300.00000003515  8.9080275158185e-14  0.80000000001101  0.19999999998892  
 0.0084375   300.00000003515  8.9080275158185e-14  0.80000000001101  0.19999999998892  
 0.00875   300.00000003515  8.9080275158185e-14  0.80000000001101  0.19999999998892  
 0.0090625   300.00000003515  8.9080275158185e-14  0.80000000001101  0.19999999998892  
 0.009375   300.00000003515  8.9080275158185e-14  0.80000000001101  0.19999999998892  
 0.0096875   300.00000003515  8.9080275158185e-14  0.80000000001101  0.19999999998892  
 0.01   300.00000003515  8.9080275158185e-14  0.80000000001101  0.19999999998892  
 0.0103125   300.00000003515  8.9080275158185e-14  0.80000000001101  0.19999999998892  
 0.010625   300.00000003515  8.9080275158185e-14  0.80000000001101  0.19999999998892  
 0.0109375   300.00000003515  8.9080275158185e-14  0.80000000001101  0.19999999998892  
 0.01125   300.00000003515  8.9080275158185e-14  0.80000000001101  0.19999999998892  
 0.0115625   300.00000003515  8.9080275158185e-14  0.80000000001101  0.19999999998892  
 0.011875   300.00000003515  8.9080275158185e-14  0.80000000001101  0.19999999998892  
 0.0121875   300.00000003515  8.9080275158185e-14  0.80000000001101  0.19999999998892  
 0.0125   300.00000003515  8.9080275158185e-14  0.80000000001101  0.19999999998892  
 0.0128125   300.00000003515  8.9080275158185e-14  0.80000000001101  0.19999999998892  
 0.013125   300.00000003515  8.9080275158185e-14  0.80000000001101  0.19999999998892  
 0.0134375   300.00000003515  8.9080275158185e-14  0.80000000001101  0.19999999998892  
 0.01375   300.00000003515  8.9080275158185e-14  0.80000000001101  0.19999999998892  
 0.0140625   300.00000003515  8.9080275158185e-14  0.80000000001101  0.19999999998892  
 0.014375   300.00000003515  8.9080275158185e-14  0.80000000001101  0.19999999998892  
 0.0146875   300.00000003515  8.9080275158185e-14  0.80000000001101  0.19999999998892  
 0.015   300.00000003515  8.9080275158185e-14  0.80000000001101  0.19999999998892  
 0.0153125   300.00000003515  8.9080275158185e-14  0.80000000001101  0.19999999998892  
 0.015625   300.00000003515  8.9080275158185e-14  0.80000000001101  0.19999999998892  
 0.0159375   300.00000003515  8.9080275158185e-14  0.80000000001101  0.19999999998892  
 0.01625   300.00000003515  8.9080275158185e-14  0.80000000001101  0.19999999998892  
 0.0165625   300.00000003515  8.9080275158185e-14  0.80000000001101  0.19999999998892  
 0.016875   300.00000003515  8.9080275158185e-14  0.80000000001101  0.19999999998892  
 0.0171875   300.00000003515  8.9080275158185e-14  0.80000000001101  0.19999999998892  
 0.0175   300.00000003515  8.9080275158185e-14  0.80000000001101  0.19999999998892  
 0.0178125   300.00000003515  8.9080275158185e-14  0.80000000001101  0.19999999998892  
 0.018125   300.00000003515  8.9080275158185e-14  0.80000000001101  0.19999999998892  
 0.0184375   300.00000003515  8.9080275158185e-14  0.80000000001101  0.19999999998892  
 0.01875   300.00000003515  8.9080275158185e-14  0.80000000001101  0.19999999998892  
 0.0190625   300.00000003515  8.9080275158185e-14  0.80000000001101  0.19999999998892  
 0.019375   300.00000003515  8.9080275158185e-14  0.80000000001101  0.19999999998892  
 0.0196875   300.00000003515  8.9080275158185e-14  0.80000000001101  0.19999999998892  
 0.02   300  0  0.8  0.2  
