# TIME: 0.0019399999999999
#  x     Variables:...

 0   1000  0  0.8  0.2  
 0.0003125   1162.3446864815  0.0069138514666164  0.9923178884712  0.00076896690461844  
 0.000625   1104.0364051419  0.0028142236240449  0.9970795649552  0.00010626364827883  
 0.0009375   1006.6538961478  0.0012017739029295  0.99865554951533  0.00014270420120295  
 0.00125   958.6811261285  0.001646378368146  0.99731923343968  0.0010343394025703  
 0.0015625   544.37396406349  7.7340004176792e-06  0.84933127694854  0.15066098536971  
 0.001875   370.98863767103  4.2841930050659e-08  0.81084274482769  0.18915721232906  
 0.0021875   318.53446093069  1.5789338497464e-10  0.80219864739901  0.19780135244309  
 0.0025   304.41228376813  6.3680366684969e-13  0.80040129829871  0.19959870170066  
 0.0028125   300.97075149916  1.0329943220223e-13  0.80006610486963  0.19993389513028  
 0.003125   300.19924575191  9.1589090437312e-14  0.80000991998921  0.19999008001072  
 0.0034375   300.03835267331  8.9557372098033e-14  0.80000136758646  0.19999863241346  
 0.00375   300.00694442265  8.9166500157907e-14  0.80000017440108  0.19999982559885  
 0.0040625   300.00118522752  8.9094988305617e-14  0.80000002070983  0.19999997929011  
 0.004375   300.0001910442  8.9082646489786e-14  0.80000000232213  0.19999999767781  
 0.0046875   300.00002918676  8.9080637077501e-14  0.80000000026807  0.19999999973187  
 0.005   300.00000429342  8.9080328018447e-14  0.80000000005283  0.19999999994712  
 0.0053125   300.00000067057  8.9080283039151e-14  0.80000000003158  0.19999999996836  
 0.005625   300.00000017077  8.9080276834089e-14  0.80000000002961  0.19999999997035  
 0.0059375   300.00000010529  8.9080276021193e-14  0.80000000002944  0.19999999997052  
 0.00625   300.00000009713  8.9080275919869e-14  0.80000000002943  0.19999999997053  
 0.0065625   300.00000009616  8.9080275907834e-14  0.80000000002943  0.19999999997053  
 0.006875   300.00000009605  8.9080275906465e-14  0.80000000002943  0.19999999997053  
 0.0071875   300.00000009604  8.9080275906318e-14  0.80000000002943  0.19999999997053  
 0.0075   300.00000009604  8.9080275906317e-14  0.80000000002943  0.19999999997053  
 0.0078125   300.00000009604  8.9080275906317e-14  0.80000000002943  0.19999999997053  
 0.008125   300.00000009604  8.9080275906317e-14  0.80000000002943  0.19999999997053  
 0.0084375   300.00000009604  8.9080275906317e-14  0.80000000002943  0.19999999997053  
 0.00875   300.00000009604  8.9080275906317e-14  0.80000000002943  0.19999999997053  
 0.0090625   300.00000009604  8.9080275906317e-14  0.80000000002943  0.19999999997053  
 0.009375   300.00000009604  8.9080275906317e-14  0.80000000002943  0.19999999997053  
 0.0096875   300.00000009604  8.9080275906317e-14  0.80000000002943  0.19999999997053  
 0.01   300.00000009604  8.9080275906317e-14  0.80000000002943  0.19999999997053  
 0.0103125   300.00000009604  8.9080275906317e-14  0.80000000002943  0.19999999997053  
 0.010625   300.00000009604  8.9080275906317e-14  0.80000000002943  0.19999999997053  
 0.0109375   300.00000009604  8.9080275906317e-14  0.80000000002943  0.19999999997053  
 0.01125   300.00000009604  8.9080275906317e-14  0.80000000002943  0.19999999997053  
 0.0115625   300.00000009604  8.9080275906317e-14  0.80000000002943  0.19999999997053  
 0.011875   300.00000009604  8.9080275906317e-14  0.80000000002943  0.19999999997053  
 0.0121875   300.00000009604  8.9080275906317e-14  0.80000000002943  0.19999999997053  
 0.0125   300.00000009604  8.9080275906317e-14  0.80000000002943  0.19999999997053  
 0.0128125   300.00000009604  8.9080275906317e-14  0.80000000002943  0.19999999997053  
 0.013125   300.00000009604  8.9080275906317e-14  0.80000000002943  0.19999999997053  
 0.0134375   300.00000009604  8.9080275906317e-14  0.80000000002943  0.19999999997053  
 0.01375   300.00000009604  8.9080275906317e-14  0.80000000002943  0.19999999997053  
 0.0140625   300.00000009604  8.9080275906317e-14  0.80000000002943  0.19999999997053  
 0.014375   300.00000009604  8.9080275906317e-14  0.80000000002943  0.19999999997053  
 0.0146875   300.00000009604  8.9080275906317e-14  0.80000000002943  0.19999999997053  
 0.015   300.00000009604  8.9080275906317e-14  0.80000000002943  0.19999999997053  
 0.0153125   300.00000009604  8.9080275906317e-14  0.80000000002943  0.19999999997053  
 0.015625   300.00000009604  8.9080275906317e-14  0.80000000002943  0.19999999997053  
 0.0159375   300.00000009604  8.9080275906317e-14  0.80000000002943  0.19999999997053  
 0.01625   300.00000009604  8.9080275906317e-14  0.80000000002943  0.19999999997053  
 0.0165625   300.00000009604  8.9080275906317e-14  0.80000000002943  0.19999999997053  
 0.016875   300.00000009604  8.9080275906317e-14  0.80000000002943  0.19999999997053  
 0.0171875   300.00000009604  8.9080275906317e-14  0.80000000002943  0.19999999997053  
 0.0175   300.00000009604  8.9080275906317e-14  0.80000000002943  0.19999999997053  
 0.0178125   300.00000009604  8.9080275906317e-14  0.80000000002943  0.19999999997053  
 0.018125   300.00000009604  8.9080275906317e-14  0.80000000002943  0.19999999997053  
 0.0184375   300.00000009604  8.9080275906317e-14  0.80000000002943  0.19999999997053  
 0.01875   300.00000009604  8.9080275906317e-14  0.80000000002943  0.19999999997053  
 0.0190625   300.00000009604  8.9080275906317e-14  0.80000000002943  0.19999999997053  
 0.019375   300.00000009604  8.9080275906317e-14  0.80000000002943  0.19999999997053  
 0.0196875   300.00000009604  8.9080275906317e-14  0.80000000002943  0.19999999997053  
 0.02   300  0  0.8  0.2  
