# TIME: 0.00142
#  x     Variables:...

 0   1000  0  0.8  0.2  
 0.0003125   1141.4603002737  0.0061705413464639  0.99294532538247  0.00088458963919622  
 0.000625   1043.4695506896  0.0023779615784762  0.99745599958983  0.00016609043249067  
 0.0009375   985.27096930086  0.0021970555387991  0.99247177507579  0.0053311097874032  
 0.00125   497.60460715265  9.6593952450759e-06  0.83339856848252  0.16659177102258  
 0.0015625   349.102194736  4.5905441465032e-08  0.8057120093959  0.19428794469792  
 0.001875   311.01056756479  1.4795979342557e-10  0.80088129056272  0.19911870928932  
 0.0021875   302.2495188023  5.3833368311717e-13  0.80011885020774  0.19988114979173  
 0.0025   300.4241566286  9.5640089393331e-14  0.80001418377092  0.19998581622899  
 0.0028125   300.07418583324  9.0008985257841e-14  0.80000152299864  0.19999847700128  
 0.003125   300.01205012222  8.9230009435661e-14  0.80000014909865  0.19999985090127  
 0.0034375   300.00181915916  8.9102863525196e-14  0.80000001345392  0.199999986546  
 0.00375   300.00025567486  8.9083449070486e-14  0.80000000114394  0.19999999885599  
 0.0040625   300.00003357718  8.908069156297e-14  0.80000000010906  0.19999999989087  
 0.004375   300.00000417953  8.9080326599237e-14  0.80000000002796  0.19999999997197  
 0.0046875   300.00000054306  8.9080281457893e-14  0.80000000002201  0.19999999997793  
 0.005   300.00000012133  8.9080276223377e-14  0.8000000000216  0.19999999997834  
 0.0053125   300.00000007532  8.9080275652478e-14  0.80000000002158  0.19999999997837  
 0.005625   300.00000007059  8.908027559373e-14  0.80000000002158  0.19999999997837  
 0.0059375   300.00000007013  8.9080275588008e-14  0.80000000002158  0.19999999997837  
 0.00625   300.00000007009  8.9080275587479e-14  0.80000000002158  0.19999999997837  
 0.0065625   300.00000007008  8.9080275587441e-14  0.80000000002158  0.19999999997837  
 0.006875   300.00000007008  8.9080275587441e-14  0.80000000002158  0.19999999997837  
 0.0071875   300.00000007008  8.9080275587441e-14  0.80000000002158  0.19999999997837  
 0.0075   300.00000007008  8.9080275587441e-14  0.80000000002158  0.19999999997837  
 0.0078125   300.00000007008  8.9080275587441e-14  0.80000000002158  0.19999999997837  
 0.008125   300.00000007008  8.9080275587441e-14  0.80000000002158  0.19999999997837  
 0.0084375   300.00000007008  8.9080275587441e-14  0.80000000002158  0.19999999997837  
 0.00875   300.00000007008  8.9080275587441e-14  0.80000000002158  0.19999999997837  
 0.0090625   300.00000007008  8.9080275587441e-14  0.80000000002158  0.19999999997837  
 0.009375   300.00000007008  8.9080275587441e-14  0.80000000002158  0.19999999997837  
 0.0096875   300.00000007008  8.9080275587441e-14  0.80000000002158  0.19999999997837  
 0.01   300.00000007008  8.9080275587441e-14  0.80000000002158  0.19999999997837  
 0.0103125   300.00000007008  8.9080275587441e-14  0.80000000002158  0.19999999997837  
 0.010625   300.00000007008  8.9080275587441e-14  0.80000000002158  0.19999999997837  
 0.0109375   300.00000007008  8.9080275587441e-14  0.80000000002158  0.19999999997837  
 0.01125   300.00000007008  8.9080275587441e-14  0.80000000002158  0.19999999997837  
 0.0115625   300.00000007008  8.9080275587441e-14  0.80000000002158  0.19999999997837  
 0.011875   300.00000007008  8.9080275587441e-14  0.80000000002158  0.19999999997837  
 0.0121875   300.00000007008  8.9080275587441e-14  0.80000000002158  0.19999999997837  
 0.0125   300.00000007008  8.9080275587441e-14  0.80000000002158  0.19999999997837  
 0.0128125   300.00000007008  8.9080275587441e-14  0.80000000002158  0.19999999997837  
 0.013125   300.00000007008  8.9080275587441e-14  0.80000000002158  0.19999999997837  
 0.0134375   300.00000007008  8.9080275587441e-14  0.80000000002158  0.19999999997837  
 0.01375   300.00000007008  8.9080275587441e-14  0.80000000002158  0.19999999997837  
 0.0140625   300.00000007008  8.9080275587441e-14  0.80000000002158  0.19999999997837  
 0.014375   300.00000007008  8.9080275587441e-14  0.80000000002158  0.19999999997837  
 0.0146875   300.00000007008  8.9080275587441e-14  0.80000000002158  0.19999999997837  
 0.015   300.00000007008  8.9080275587441e-14  0.80000000002158  0.19999999997837  
 0.0153125   300.00000007008  8.9080275587441e-14  0.80000000002158  0.19999999997837  
 0.015625   300.00000007008  8.9080275587441e-14  0.80000000002158  0.19999999997837  
 0.0159375   300.00000007008  8.9080275587441e-14  0.80000000002158  0.19999999997837  
 0.01625   300.00000007008  8.9080275587441e-14  0.80000000002158  0.19999999997837  
 0.0165625   300.00000007008  8.9080275587441e-14  0.80000000002158  0.19999999997837  
 0.016875   300.00000007008  8.9080275587441e-14  0.80000000002158  0.19999999997837  
 0.0171875   300.00000007008  8.9080275587441e-14  0.80000000002158  0.19999999997837  
 0.0175   300.00000007008  8.9080275587441e-14  0.80000000002158  0.19999999997837  
 0.0178125   300.00000007008  8.9080275587441e-14  0.80000000002158  0.19999999997837  
 0.018125   300.00000007008  8.9080275587441e-14  0.80000000002158  0.19999999997837  
 0.0184375   300.00000007008  8.9080275587441e-14  0.80000000002158  0.19999999997837  
 0.01875   300.00000007008  8.9080275587441e-14  0.80000000002158  0.19999999997837  
 0.0190625   300.00000007008  8.9080275587441e-14  0.80000000002158  0.19999999997837  
 0.019375   300.00000007008  8.9080275587441e-14  0.80000000002158  0.19999999997837  
 0.0196875   300.00000007008  8.9080275587441e-14  0.80000000002158  0.19999999997837  
 0.02   300  0  0.8  0.2  
