# TIME: 0.00076000000000001
#  x     Variables:...

 0   1000  0  0.8  0.2  
 0.0003125   1111.4297198551  0.0059635599145355  0.9929883471043  0.0010482040851216  
 0.000625   602.04900055047  2.3683364593119e-05  0.83473345503419  0.16524283862945  
 0.0009375   366.49499438799  1.2457398998809e-07  0.80304608022326  0.19695379519681  
 0.00125   312.81398692018  4.1955796966527e-10  0.80019650495499  0.19980349462544  
 0.0015625   302.18224973225  1.3319330630255e-12  0.8000106823293  0.19998931766937  
 0.001875   300.323811993  9.6601153074736e-14  0.80000053580351  0.19999946419639  
 0.0021875   300.04202024623  8.9613151313239e-14  0.80000002618239  0.19999997381752  
 0.0025   300.00482236358  8.9140179567217e-14  0.80000000127923  0.19999999872069  
 0.0028125   300.00049530851  8.9086421181091e-14  0.80000000007214  0.19999999992778  
 0.003125   300.00004604265  8.9080845895956e-14  0.80000000001442  0.1999999999855  
 0.0034375   300.00000393722  8.9080323550847e-14  0.80000000001173  0.19999999998819  
 0.00375   300.0000003412  8.9080278952554e-14  0.80000000001162  0.19999999998831  
 0.0040625   300.00000005909  8.9080275454692e-14  0.80000000001161  0.19999999998832  
 0.004375   300.00000003862  8.9080275200975e-14  0.80000000001161  0.19999999998832  
 0.0046875   300.00000003724  8.9080275183855e-14  0.80000000001161  0.19999999998832  
 0.005   300.00000003715  8.9080275182773e-14  0.80000000001161  0.19999999998832  
 0.0053125   300.00000003714  8.9080275182714e-14  0.80000000001161  0.19999999998832  
 0.005625   300.00000003714  8.9080275182714e-14  0.80000000001161  0.19999999998832  
 0.0059375   300.00000003714  8.9080275182714e-14  0.80000000001161  0.19999999998832  
 0.00625   300.00000003714  8.9080275182714e-14  0.80000000001161  0.19999999998832  
 0.0065625   300.00000003714  8.9080275182714e-14  0.80000000001161  0.19999999998832  
 0.006875   300.00000003714  8.9080275182714e-14  0.80000000001161  0.19999999998832  
 0.0071875   300.00000003714  8.9080275182714e-14  0.80000000001161  0.19999999998832  
 0.0075   300.00000003714  8.9080275182714e-14  0.80000000001161  0.19999999998832  
 0.0078125   300.00000003714  8.9080275182714e-14  0.80000000001161  0.19999999998832  
 0.008125   300.00000003714  8.9080275182714e-14  0.80000000001161  0.19999999998832  
 0.0084375   300.00000003714  8.9080275182714e-14  0.80000000001161  0.19999999998832  
 0.00875   300.00000003714  8.9080275182714e-14  0.80000000001161  0.19999999998832  
 0.0090625   300.00000003714  8.9080275182714e-14  0.80000000001161  0.19999999998832  
 0.009375   300.00000003714  8.9080275182714e-14  0.80000000001161  0.19999999998832  
 0.0096875   300.00000003714  8.9080275182714e-14  0.80000000001161  0.19999999998832  
 0.01   300.00000003714  8.9080275182714e-14  0.80000000001161  0.19999999998832  
 0.0103125   300.00000003714  8.9080275182714e-14  0.80000000001161  0.19999999998832  
 0.010625   300.00000003714  8.9080275182714e-14  0.80000000001161  0.19999999998832  
 0.0109375   300.00000003714  8.9080275182714e-14  0.80000000001161  0.19999999998832  
 0.01125   300.00000003714  8.9080275182714e-14  0.80000000001161  0.19999999998832  
 0.0115625   300.00000003714  8.9080275182714e-14  0.80000000001161  0.19999999998832  
 0.011875   300.00000003714  8.9080275182714e-14  0.80000000001161  0.19999999998832  
 0.0121875   300.00000003714  8.9080275182714e-14  0.80000000001161  0.19999999998832  
 0.0125   300.00000003714  8.9080275182714e-14  0.80000000001161  0.19999999998832  
 0.0128125   300.00000003714  8.9080275182714e-14  0.80000000001161  0.19999999998832  
 0.013125   300.00000003714  8.9080275182714e-14  0.80000000001161  0.19999999998832  
 0.0134375   300.00000003714  8.9080275182714e-14  0.80000000001161  0.19999999998832  
 0.01375   300.00000003714  8.9080275182714e-14  0.80000000001161  0.19999999998832  
 0.0140625   300.00000003714  8.9080275182714e-14  0.80000000001161  0.19999999998832  
 0.014375   300.00000003714  8.9080275182714e-14  0.80000000001161  0.19999999998832  
 0.0146875   300.00000003714  8.9080275182714e-14  0.80000000001161  0.19999999998832  
 0.015   300.00000003714  8.9080275182714e-14  0.80000000001161  0.19999999998832  
 0.0153125   300.00000003714  8.9080275182714e-14  0.80000000001161  0.19999999998832  
 0.015625   300.00000003714  8.9080275182714e-14  0.80000000001161  0.19999999998832  
 0.0159375   300.00000003714  8.9080275182714e-14  0.80000000001161  0.19999999998832  
 0.01625   300.00000003714  8.9080275182714e-14  0.80000000001161  0.19999999998832  
 0.0165625   300.00000003714  8.9080275182714e-14  0.80000000001161  0.19999999998832  
 0.016875   300.00000003714  8.9080275182714e-14  0.80000000001161  0.19999999998832  
 0.0171875   300.00000003714  8.9080275182714e-14  0.80000000001161  0.19999999998832  
 0.0175   300.00000003714  8.9080275182714e-14  0.80000000001161  0.19999999998832  
 0.0178125   300.00000003714  8.9080275182714e-14  0.80000000001161  0.19999999998832  
 0.018125   300.00000003714  8.9080275182714e-14  0.80000000001161  0.19999999998832  
 0.0184375   300.00000003714  8.9080275182714e-14  0.80000000001161  0.19999999998832  
 0.01875   300.00000003714  8.9080275182714e-14  0.80000000001161  0.19999999998832  
 0.0190625   300.00000003714  8.9080275182714e-14  0.80000000001161  0.19999999998832  
 0.019375   300.00000003714  8.9080275182714e-14  0.80000000001161  0.19999999998832  
 0.0196875   300.00000003714  8.9080275182714e-14  0.80000000001161  0.19999999998832  
 0.02   300  0  0.8  0.2  
