# TIME: 0.0011
#  x     Variables:...

 0   1000  0  0.8  0.2  
 0.0003125   1124.3565964572  0.0055002586471454  0.99349808755551  0.0010019642971894  
 0.000625   1029.6124755285  0.0029327650040836  0.99685708421399  0.00021013614620618  
 0.0009375   573.41220162178  1.2979698256201e-05  0.84494153970927  0.15504546088428  
 0.00125   363.31613449739  6.8518461848099e-08  0.80623477040685  0.19376516107099  
 0.0015625   312.90111312973  2.3249968476274e-10  0.80071226007891  0.19928773968858  
 0.001875   302.43285949405  8.0095757483689e-13  0.80007167985901  0.1999283201402  
 0.0021875   300.42133609665  9.6379824281813e-14  0.80000644378379  0.19999355621612  
 0.0025   300.06654733834  8.9915874957936e-14  0.80000052018217  0.19999947981775  
 0.0028125   300.00957836663  8.9199299486902e-14  0.80000003803725  0.19999996196267  
 0.003125   300.00125996976  8.9095918643013e-14  0.80000000256138  0.19999999743854  
 0.0034375   300.00015219285  8.9082163929283e-14  0.80000000017458  0.19999999982535  
 0.00375   300.00001700462  8.9080485764821e-14  0.80000000002591  0.19999999997401  
 0.0040625   300.00000180545  8.9080297123202e-14  0.80000000001724  0.19999999998269  
 0.004375   300.00000022272  8.9080277483057e-14  0.80000000001677  0.19999999998317  
 0.0046875   300.0000000693  8.9080275579662e-14  0.80000000001675  0.19999999998319  
 0.005   300.0000000554  8.908027540716e-14  0.80000000001675  0.19999999998319  
 0.0053125   300.00000005421  8.9080275392473e-14  0.80000000001675  0.19999999998319  
 0.005625   300.00000005412  8.9080275391296e-14  0.80000000001675  0.19999999998319  
 0.0059375   300.00000005411  8.908027539121e-14  0.80000000001675  0.19999999998319  
 0.00625   300.00000005411  8.9080275391209e-14  0.80000000001675  0.19999999998319  
 0.0065625   300.00000005411  8.9080275391209e-14  0.80000000001675  0.19999999998319  
 0.006875   300.00000005411  8.9080275391209e-14  0.80000000001675  0.19999999998319  
 0.0071875   300.00000005411  8.9080275391209e-14  0.80000000001675  0.19999999998319  
 0.0075   300.00000005411  8.9080275391209e-14  0.80000000001675  0.19999999998319  
 0.0078125   300.00000005411  8.9080275391209e-14  0.80000000001675  0.19999999998319  
 0.008125   300.00000005411  8.9080275391209e-14  0.80000000001675  0.19999999998319  
 0.0084375   300.00000005411  8.9080275391209e-14  0.80000000001675  0.19999999998319  
 0.00875   300.00000005411  8.9080275391209e-14  0.80000000001675  0.19999999998319  
 0.0090625   300.00000005411  8.9080275391209e-14  0.80000000001675  0.19999999998319  
 0.009375   300.00000005411  8.9080275391209e-14  0.80000000001675  0.19999999998319  
 0.0096875   300.00000005411  8.9080275391209e-14  0.80000000001675  0.19999999998319  
 0.01   300.00000005411  8.9080275391209e-14  0.80000000001675  0.19999999998319  
 0.0103125   300.00000005411  8.9080275391209e-14  0.80000000001675  0.19999999998319  
 0.010625   300.00000005411  8.9080275391209e-14  0.80000000001675  0.19999999998319  
 0.0109375   300.00000005411  8.9080275391209e-14  0.80000000001675  0.19999999998319  
 0.01125   300.00000005411  8.9080275391209e-14  0.80000000001675  0.19999999998319  
 0.0115625   300.00000005411  8.9080275391209e-14  0.80000000001675  0.19999999998319  
 0.011875   300.00000005411  8.9080275391209e-14  0.80000000001675  0.19999999998319  
 0.0121875   300.00000005411  8.9080275391209e-14  0.80000000001675  0.19999999998319  
 0.0125   300.00000005411  8.9080275391209e-14  0.80000000001675  0.19999999998319  
 0.0128125   300.00000005411  8.9080275391209e-14  0.80000000001675  0.19999999998319  
 0.013125   300.00000005411  8.9080275391209e-14  0.80000000001675  0.19999999998319  
 0.0134375   300.00000005411  8.9080275391209e-14  0.80000000001675  0.19999999998319  
 0.01375   300.00000005411  8.9080275391209e-14  0.80000000001675  0.19999999998319  
 0.0140625   300.00000005411  8.9080275391209e-14  0.80000000001675  0.19999999998319  
 0.014375   300.00000005411  8.9080275391209e-14  0.80000000001675  0.19999999998319  
 0.0146875   300.00000005411  8.9080275391209e-14  0.80000000001675  0.19999999998319  
 0.015   300.00000005411  8.9080275391209e-14  0.80000000001675  0.19999999998319  
 0.0153125   300.00000005411  8.9080275391209e-14  0.80000000001675  0.19999999998319  
 0.015625   300.00000005411  8.9080275391209e-14  0.80000000001675  0.19999999998319  
 0.0159375   300.00000005411  8.9080275391209e-14  0.80000000001675  0.19999999998319  
 0.01625   300.00000005411  8.9080275391209e-14  0.80000000001675  0.19999999998319  
 0.0165625   300.00000005411  8.9080275391209e-14  0.80000000001675  0.19999999998319  
 0.016875   300.00000005411  8.9080275391209e-14  0.80000000001675  0.19999999998319  
 0.0171875   300.00000005411  8.9080275391209e-14  0.80000000001675  0.19999999998319  
 0.0175   300.00000005411  8.9080275391209e-14  0.80000000001675  0.19999999998319  
 0.0178125   300.00000005411  8.9080275391209e-14  0.80000000001675  0.19999999998319  
 0.018125   300.00000005411  8.9080275391209e-14  0.80000000001675  0.19999999998319  
 0.0184375   300.00000005411  8.9080275391209e-14  0.80000000001675  0.19999999998319  
 0.01875   300.00000005411  8.9080275391209e-14  0.80000000001675  0.19999999998319  
 0.0190625   300.00000005411  8.9080275391209e-14  0.80000000001675  0.19999999998319  
 0.019375   300.00000005411  8.9080275391209e-14  0.80000000001675  0.19999999998319  
 0.0196875   300.00000005411  8.9080275391209e-14  0.80000000001675  0.19999999998319  
 0.02   300  0  0.8  0.2  
