# TIME: 0.00244
#  x     Variables:...

 0   1000  0  0.8  0.2  
 0.0003125   1175.0668596136  0.0074030960470956  0.99188993979856  0.00070792248176143  
 0.000625   1137.8411994939  0.0032973583115416  0.99661381995697  8.8874510357277e-05  
 0.0009375   1064.4785342404  0.0014225804308497  0.99848960611914  8.7841033761078e-05  
 0.00125   973.02676908189  0.00071275704913519  0.99914569646889  0.00014156547288711  
 0.0015625   936.82076774398  0.0013432580189828  0.99671217345727  0.0019445240172655  
 0.001875   555.8648172063  7.007963574043e-06  0.85538678209079  0.14460620738937  
 0.0021875   382.72468930962  3.9905196057538e-08  0.81410235177082  0.18589760832271  
 0.0025   324.10296417327  1.5694088535619e-10  0.80334919135878  0.19665080848428  
 0.0028125   306.42223234083  6.9443719613755e-13  0.80072653178797  0.19927346821135  
 0.003125   301.58587443352  1.1236924689638e-13  0.80014423316437  0.19985576683553  
 0.0034375   300.36625918336  9.3737758207843e-14  0.80002637618491  0.19997362381501  
 0.00375   300.07956741579  9.0072174698243e-14  0.80000446942676  0.19999553057317  
 0.0040625   300.01632356048  8.928297523504e-14  0.8000007052718  0.19999929472814  
 0.004375   300.00317188157  8.9119639799086e-14  0.80000010411918  0.19999989588076  
 0.0046875   300.00058519947  8.9087537927327e-14  0.80000001446171  0.19999998553823  
 0.005   300.00010277684  8.9081550508647e-14  0.80000000192106  0.19999999807888  
 0.0053125   300.00001728106  8.9080489248701e-14  0.80000000026965  0.1999999997303  
 0.005625   300.00000285787  8.9080310192452e-14  0.80000000006421  0.19999999993575  
 0.0059375   300.00000053804  8.908028139092e-14  0.80000000003999  0.19999999995997  
 0.00625   300.00000018179  8.9080276967772e-14  0.80000000003728  0.19999999996268  
 0.0065625   300.00000012948  8.9080276318332e-14  0.800000000037  0.19999999996297  
 0.006875   300.00000012213  8.9080276227033e-14  0.80000000003698  0.199999999963  
 0.0071875   300.00000012113  8.9080276214729e-14  0.80000000003698  0.199999999963  
 0.0075   300.00000012101  8.9080276213134e-14  0.80000000003698  0.199999999963  
 0.0078125   300.00000012099  8.9080276212929e-14  0.80000000003698  0.199999999963  
 0.008125   300.00000012099  8.9080276212928e-14  0.80000000003698  0.199999999963  
 0.0084375   300.00000012099  8.9080276212928e-14  0.80000000003698  0.199999999963  
 0.00875   300.00000012099  8.9080276212928e-14  0.80000000003698  0.199999999963  
 0.0090625   300.00000012099  8.9080276212928e-14  0.80000000003698  0.199999999963  
 0.009375   300.00000012099  8.9080276212928e-14  0.80000000003698  0.199999999963  
 0.0096875   300.00000012099  8.9080276212928e-14  0.80000000003698  0.199999999963  
 0.01   300.00000012099  8.9080276212928e-14  0.80000000003698  0.199999999963  
 0.0103125   300.00000012099  8.9080276212928e-14  0.80000000003698  0.199999999963  
 0.010625   300.00000012099  8.9080276212928e-14  0.80000000003698  0.199999999963  
 0.0109375   300.00000012099  8.9080276212928e-14  0.80000000003698  0.199999999963  
 0.01125   300.00000012099  8.9080276212928e-14  0.80000000003698  0.199999999963  
 0.0115625   300.00000012099  8.9080276212928e-14  0.80000000003698  0.199999999963  
 0.011875   300.00000012099  8.9080276212928e-14  0.80000000003698  0.199999999963  
 0.0121875   300.00000012099  8.9080276212928e-14  0.80000000003698  0.199999999963  
 0.0125   300.00000012099  8.9080276212928e-14  0.80000000003698  0.199999999963  
 0.0128125   300.00000012099  8.9080276212928e-14  0.80000000003698  0.199999999963  
 0.013125   300.00000012099  8.9080276212928e-14  0.80000000003698  0.199999999963  
 0.0134375   300.00000012099  8.9080276212928e-14  0.80000000003698  0.199999999963  
 0.01375   300.00000012099  8.9080276212928e-14  0.80000000003698  0.199999999963  
 0.0140625   300.00000012099  8.9080276212928e-14  0.80000000003698  0.199999999963  
 0.014375   300.00000012099  8.9080276212928e-14  0.80000000003698  0.199999999963  
 0.0146875   300.00000012099  8.9080276212928e-14  0.80000000003698  0.199999999963  
 0.015   300.00000012099  8.9080276212928e-14  0.80000000003698  0.199999999963  
 0.0153125   300.00000012099  8.9080276212928e-14  0.80000000003698  0.199999999963  
 0.015625   300.00000012099  8.9080276212928e-14  0.80000000003698  0.199999999963  
 0.0159375   300.00000012099  8.9080276212928e-14  0.80000000003698  0.199999999963  
 0.01625   300.00000012099  8.9080276212928e-14  0.80000000003698  0.199999999963  
 0.0165625   300.00000012099  8.9080276212928e-14  0.80000000003698  0.199999999963  
 0.016875   300.00000012099  8.9080276212928e-14  0.80000000003698  0.199999999963  
 0.0171875   300.00000012099  8.9080276212928e-14  0.80000000003698  0.199999999963  
 0.0175   300.00000012099  8.9080276212928e-14  0.80000000003698  0.199999999963  
 0.0178125   300.00000012099  8.9080276212928e-14  0.80000000003698  0.199999999963  
 0.018125   300.00000012099  8.9080276212928e-14  0.80000000003698  0.199999999963  
 0.0184375   300.00000012099  8.9080276212928e-14  0.80000000003698  0.199999999963  
 0.01875   300.00000012099  8.9080276212928e-14  0.80000000003698  0.199999999963  
 0.0190625   300.00000012099  8.9080276212928e-14  0.80000000003698  0.199999999963  
 0.019375   300.00000012099  8.9080276212928e-14  0.80000000003698  0.199999999963  
 0.0196875   300.00000012099  8.9080276212928e-14  0.80000000003698  0.199999999963  
 0.02   300  0  0.8  0.2  
