# TIME: 0.0018199999999999
#  x     Variables:...

 0   1000  0  0.8  0.2  
 0.0003125   1158.46862792  0.0067643589478909  0.99244720917214  0.00078907970670807  
 0.000625   1094.8205221623  0.0026916479165647  0.9971966193283  0.00011178483355118  
 0.0009375   985.81331435942  0.0012418280456862  0.99857774517002  0.00018044926284008  
 0.00125   804.37995614582  0.000319744085355  0.92811346259034  0.071566742207625  
 0.0015625   471.85892299114  1.5062113448031e-06  0.83084253410349  0.1691559596148  
 0.001875   348.75255816424  6.8648228567722e-09  0.80670147849628  0.19329851463874  
 0.0021875   312.0922068525  2.2321853243391e-11  0.8012682194811  0.19873178049658  
 0.0025   302.72919203168  1.9144749404545e-13  0.80021289156298  0.19978710843683  
 0.0028125   300.57113274973  9.661408476993e-14  0.80003223571412  0.19996776428579  
 0.003125   300.11167250626  9.0476757869793e-14  0.8000044509197  0.19999554908023  
 0.0034375   300.02047203573  8.9334687014632e-14  0.80000056474598  0.19999943525395  
 0.00375   300.00352588543  8.9124051113682e-14  0.80000006628872  0.19999993371121  
 0.0040625   300.00057148294  8.9087369641561e-14  0.80000000725875  0.19999999274119  
 0.004375   300.00008736003  8.9081359317909e-14  0.80000000076537  0.19999999923456  
 0.0046875   300.0000126724  8.9080432047185e-14  0.8000000000983  0.19999999990164  
 0.005   300.00000180558  8.9080297131001e-14  0.80000000003399  0.19999999996596  
 0.0053125   300.00000031166  8.9080278583911e-14  0.80000000002815  0.1999999999718  
 0.005625   300.00000011722  8.9080276170092e-14  0.80000000002765  0.1999999999723  
 0.0059375   300.00000009322  8.9080275872071e-14  0.80000000002762  0.19999999997234  
 0.00625   300.0000000904  8.9080275837092e-14  0.80000000002762  0.19999999997234  
 0.0065625   300.00000009008  8.9080275833179e-14  0.80000000002762  0.19999999997234  
 0.006875   300.00000009005  8.9080275832759e-14  0.80000000002762  0.19999999997234  
 0.0071875   300.00000009005  8.908027583273e-14  0.80000000002762  0.19999999997234  
 0.0075   300.00000009005  8.908027583273e-14  0.80000000002762  0.19999999997234  
 0.0078125   300.00000009005  8.908027583273e-14  0.80000000002762  0.19999999997234  
 0.008125   300.00000009005  8.908027583273e-14  0.80000000002762  0.19999999997234  
 0.0084375   300.00000009005  8.908027583273e-14  0.80000000002762  0.19999999997234  
 0.00875   300.00000009005  8.908027583273e-14  0.80000000002762  0.19999999997234  
 0.0090625   300.00000009005  8.908027583273e-14  0.80000000002762  0.19999999997234  
 0.009375   300.00000009005  8.908027583273e-14  0.80000000002762  0.19999999997234  
 0.0096875   300.00000009005  8.908027583273e-14  0.80000000002762  0.19999999997234  
 0.01   300.00000009005  8.908027583273e-14  0.80000000002762  0.19999999997234  
 0.0103125   300.00000009005  8.908027583273e-14  0.80000000002762  0.19999999997234  
 0.010625   300.00000009005  8.908027583273e-14  0.80000000002762  0.19999999997234  
 0.0109375   300.00000009005  8.908027583273e-14  0.80000000002762  0.19999999997234  
 0.01125   300.00000009005  8.908027583273e-14  0.80000000002762  0.19999999997234  
 0.0115625   300.00000009005  8.908027583273e-14  0.80000000002762  0.19999999997234  
 0.011875   300.00000009005  8.908027583273e-14  0.80000000002762  0.19999999997234  
 0.0121875   300.00000009005  8.908027583273e-14  0.80000000002762  0.19999999997234  
 0.0125   300.00000009005  8.908027583273e-14  0.80000000002762  0.19999999997234  
 0.0128125   300.00000009005  8.908027583273e-14  0.80000000002762  0.19999999997234  
 0.013125   300.00000009005  8.908027583273e-14  0.80000000002762  0.19999999997234  
 0.0134375   300.00000009005  8.908027583273e-14  0.80000000002762  0.19999999997234  
 0.01375   300.00000009005  8.908027583273e-14  0.80000000002762  0.19999999997234  
 0.0140625   300.00000009005  8.908027583273e-14  0.80000000002762  0.19999999997234  
 0.014375   300.00000009005  8.908027583273e-14  0.80000000002762  0.19999999997234  
 0.0146875   300.00000009005  8.908027583273e-14  0.80000000002762  0.19999999997234  
 0.015   300.00000009005  8.908027583273e-14  0.80000000002762  0.19999999997234  
 0.0153125   300.00000009005  8.908027583273e-14  0.80000000002762  0.19999999997234  
 0.015625   300.00000009005  8.908027583273e-14  0.80000000002762  0.19999999997234  
 0.0159375   300.00000009005  8.908027583273e-14  0.80000000002762  0.19999999997234  
 0.01625   300.00000009005  8.908027583273e-14  0.80000000002762  0.19999999997234  
 0.0165625   300.00000009005  8.908027583273e-14  0.80000000002762  0.19999999997234  
 0.016875   300.00000009005  8.908027583273e-14  0.80000000002762  0.19999999997234  
 0.0171875   300.00000009005  8.908027583273e-14  0.80000000002762  0.19999999997234  
 0.0175   300.00000009005  8.908027583273e-14  0.80000000002762  0.19999999997234  
 0.0178125   300.00000009005  8.908027583273e-14  0.80000000002762  0.19999999997234  
 0.018125   300.00000009005  8.908027583273e-14  0.80000000002762  0.19999999997234  
 0.0184375   300.00000009005  8.908027583273e-14  0.80000000002762  0.19999999997234  
 0.01875   300.00000009005  8.908027583273e-14  0.80000000002762  0.19999999997234  
 0.0190625   300.00000009005  8.908027583273e-14  0.80000000002762  0.19999999997234  
 0.019375   300.00000009005  8.908027583273e-14  0.80000000002762  0.19999999997234  
 0.0196875   300.00000009005  8.908027583273e-14  0.80000000002762  0.19999999997234  
 0.02   300  0  0.8  0.2  
