# TIME: 0.00038
#  x     Variables:...

 0   1000  0  0.8  0.2  
 0.0003125   588.55602923603  4.8679830745964e-06  0.80056032189891  0.19943481011978  
 0.000625   363.4247629579  2.3826349271717e-08  0.80002423178214  0.19997574439108  
 0.0009375   309.41270893868  7.3944025356236e-11  0.8000009458592  0.19999905406686  
 0.00125   301.06523586568  3.0545445769667e-13  0.80000003384921  0.19999996615048  
 0.0015625   300.0977664338  9.0849342573284e-14  0.8000000011246  0.19999999887531  
 0.001875   300.00755049849  8.917542924961e-14  0.80000000004028  0.19999999995963  
 0.0021875   300.00050343814  8.9086517209591e-14  0.80000000000686  0.19999999999305  
 0.0025   300.0000295546  8.90806407465e-14  0.8000000000059  0.19999999999402  
 0.0028125   300.00000156591  8.9080294106517e-14  0.80000000000588  0.19999999999404  
 0.003125   300.00000009147  8.9080275856404e-14  0.80000000000588  0.19999999999404  
 0.0034375   300.00000002135  8.9080274988851e-14  0.80000000000588  0.19999999999404  
 0.00375   300.0000000183  8.9080274951242e-14  0.80000000000588  0.19999999999404  
 0.0040625   300.00000001818  8.9080274949741e-14  0.80000000000588  0.19999999999404  
 0.004375   300.00000001818  8.9080274949689e-14  0.80000000000588  0.19999999999404  
 0.0046875   300.00000001818  8.9080274949689e-14  0.80000000000588  0.19999999999404  
 0.005   300.00000001818  8.9080274949689e-14  0.80000000000588  0.19999999999404  
 0.0053125   300.00000001818  8.9080274949689e-14  0.80000000000588  0.19999999999404  
 0.005625   300.00000001818  8.9080274949689e-14  0.80000000000588  0.19999999999404  
 0.0059375   300.00000001818  8.9080274949689e-14  0.80000000000588  0.19999999999404  
 0.00625   300.00000001818  8.9080274949689e-14  0.80000000000588  0.19999999999404  
 0.0065625   300.00000001818  8.9080274949689e-14  0.80000000000588  0.19999999999404  
 0.006875   300.00000001818  8.9080274949689e-14  0.80000000000588  0.19999999999404  
 0.0071875   300.00000001818  8.9080274949689e-14  0.80000000000588  0.19999999999404  
 0.0075   300.00000001818  8.9080274949689e-14  0.80000000000588  0.19999999999404  
 0.0078125   300.00000001818  8.9080274949689e-14  0.80000000000588  0.19999999999404  
 0.008125   300.00000001818  8.9080274949689e-14  0.80000000000588  0.19999999999404  
 0.0084375   300.00000001818  8.9080274949689e-14  0.80000000000588  0.19999999999404  
 0.00875   300.00000001818  8.9080274949689e-14  0.80000000000588  0.19999999999404  
 0.0090625   300.00000001818  8.9080274949689e-14  0.80000000000588  0.19999999999404  
 0.009375   300.00000001818  8.9080274949689e-14  0.80000000000588  0.19999999999404  
 0.0096875   300.00000001818  8.9080274949689e-14  0.80000000000588  0.19999999999404  
 0.01   300.00000001818  8.9080274949689e-14  0.80000000000588  0.19999999999404  
 0.0103125   300.00000001818  8.9080274949689e-14  0.80000000000588  0.19999999999404  
 0.010625   300.00000001818  8.9080274949689e-14  0.80000000000588  0.19999999999404  
 0.0109375   300.00000001818  8.9080274949689e-14  0.80000000000588  0.19999999999404  
 0.01125   300.00000001818  8.9080274949689e-14  0.80000000000588  0.19999999999404  
 0.0115625   300.00000001818  8.9080274949689e-14  0.80000000000588  0.19999999999404  
 0.011875   300.00000001818  8.9080274949689e-14  0.80000000000588  0.19999999999404  
 0.0121875   300.00000001818  8.9080274949689e-14  0.80000000000588  0.19999999999404  
 0.0125   300.00000001818  8.9080274949689e-14  0.80000000000588  0.19999999999404  
 0.0128125   300.00000001818  8.9080274949689e-14  0.80000000000588  0.19999999999404  
 0.013125   300.00000001818  8.9080274949689e-14  0.80000000000588  0.19999999999404  
 0.0134375   300.00000001818  8.9080274949689e-14  0.80000000000588  0.19999999999404  
 0.01375   300.00000001818  8.9080274949689e-14  0.80000000000588  0.19999999999404  
 0.0140625   300.00000001818  8.9080274949689e-14  0.80000000000588  0.19999999999404  
 0.014375   300.00000001818  8.9080274949689e-14  0.80000000000588  0.19999999999404  
 0.0146875   300.00000001818  8.9080274949689e-14  0.80000000000588  0.19999999999404  
 0.015   300.00000001818  8.9080274949689e-14  0.80000000000588  0.19999999999404  
 0.0153125   300.00000001818  8.9080274949689e-14  0.80000000000588  0.19999999999404  
 0.015625   300.00000001818  8.9080274949689e-14  0.80000000000588  0.19999999999404  
 0.0159375   300.00000001818  8.9080274949689e-14  0.80000000000588  0.19999999999404  
 0.01625   300.00000001818  8.9080274949689e-14  0.80000000000588  0.19999999999404  
 0.0165625   300.00000001818  8.9080274949689e-14  0.80000000000588  0.19999999999404  
 0.016875   300.00000001818  8.9080274949689e-14  0.80000000000588  0.19999999999404  
 0.0171875   300.00000001818  8.9080274949689e-14  0.80000000000588  0.19999999999404  
 0.0175   300.00000001818  8.9080274949689e-14  0.80000000000588  0.19999999999404  
 0.0178125   300.00000001818  8.9080274949689e-14  0.80000000000588  0.19999999999404  
 0.018125   300.00000001818  8.9080274949689e-14  0.80000000000588  0.19999999999404  
 0.0184375   300.00000001818  8.9080274949689e-14  0.80000000000588  0.19999999999404  
 0.01875   300.00000001818  8.9080274949689e-14  0.80000000000588  0.19999999999404  
 0.0190625   300.00000001818  8.9080274949689e-14  0.80000000000588  0.19999999999404  
 0.019375   300.00000001818  8.9080274949689e-14  0.80000000000588  0.19999999999404  
 0.0196875   300.00000001818  8.9080274949689e-14  0.80000000000588  0.19999999999404  
 0.02   300  0  0.8  0.2  
