# TIME: 0.0019999999999999
#  x     Variables:...

 0   1000  0  0.8  0.2  
 0.0003125   1164.1306367993  0.0069825769404252  0.99225820508847  0.00075995454086711  
 0.000625   1108.6980657051  0.0028751941829917  0.99702130482315  0.00010355329118374  
 0.0009375   1017.1435001316  0.0012083203231758  0.99866435334835  0.00012735392608998  
 0.00125   953.17546174764  0.001400673862923  0.99829857407033  0.00030071578333703  
 0.0015625   581.45044442643  8.8736773424968e-06  0.85958328396515  0.14040783164786  
 0.001875   385.22389309989  5.023959664875e-08  0.81368758428176  0.1863123654763  
 0.0021875   322.74450079472  1.931637606125e-10  0.80285241657633  0.19714758323051  
 0.0025   305.54512036056  7.7459400037115e-13  0.80053907504865  0.19946092495059  
 0.0028125   301.24990469995  1.0763614556663e-13  0.80009228953721  0.19990771046269  
 0.003125   300.2626942371  9.2401514893747e-14  0.80001440308739  0.19998559691253  
 0.0034375   300.05176945951  8.972477891174e-14  0.80000206488409  0.19999793511584  
 0.00375   300.00959983221  8.9199480982587e-14  0.8000002738073  0.19999972619263  
 0.0040625   300.00167893915  8.9101116622749e-14  0.80000003379485  0.19999996620509  
 0.004375   300.00027748832  8.9083719562709e-14  0.80000000392281  0.19999999607713  
 0.0046875   300.00004346859  8.9080814383405e-14  0.80000000045162  0.19999999954832  
 0.005   300.00000652547  8.9080355730195e-14  0.80000000007329  0.19999999992665  
 0.0053125   300.00000100297  8.9080287165737e-14  0.80000000003446  0.19999999996549  
 0.005625   300.00000021992  8.908027744398e-14  0.8000000000307  0.19999999996925  
 0.0059375   300.00000011443  8.9080276134273e-14  0.80000000003036  0.1999999999696  
 0.00625   300.0000001009  8.9080275966329e-14  0.80000000003034  0.19999999996963  
 0.0065625   300.00000009925  8.9080275945794e-14  0.80000000003034  0.19999999996963  
 0.006875   300.00000009905  8.9080275943395e-14  0.80000000003034  0.19999999996963  
 0.0071875   300.00000009903  8.9080275943111e-14  0.80000000003034  0.19999999996963  
 0.0075   300.00000009903  8.908027594311e-14  0.80000000003034  0.19999999996963  
 0.0078125   300.00000009903  8.908027594311e-14  0.80000000003034  0.19999999996963  
 0.008125   300.00000009903  8.908027594311e-14  0.80000000003034  0.19999999996963  
 0.0084375   300.00000009903  8.908027594311e-14  0.80000000003034  0.19999999996963  
 0.00875   300.00000009903  8.908027594311e-14  0.80000000003034  0.19999999996963  
 0.0090625   300.00000009903  8.908027594311e-14  0.80000000003034  0.19999999996963  
 0.009375   300.00000009903  8.908027594311e-14  0.80000000003034  0.19999999996963  
 0.0096875   300.00000009903  8.908027594311e-14  0.80000000003034  0.19999999996963  
 0.01   300.00000009903  8.908027594311e-14  0.80000000003034  0.19999999996963  
 0.0103125   300.00000009903  8.908027594311e-14  0.80000000003034  0.19999999996963  
 0.010625   300.00000009903  8.908027594311e-14  0.80000000003034  0.19999999996963  
 0.0109375   300.00000009903  8.908027594311e-14  0.80000000003034  0.19999999996963  
 0.01125   300.00000009903  8.908027594311e-14  0.80000000003034  0.19999999996963  
 0.0115625   300.00000009903  8.908027594311e-14  0.80000000003034  0.19999999996963  
 0.011875   300.00000009903  8.908027594311e-14  0.80000000003034  0.19999999996963  
 0.0121875   300.00000009903  8.908027594311e-14  0.80000000003034  0.19999999996963  
 0.0125   300.00000009903  8.908027594311e-14  0.80000000003034  0.19999999996963  
 0.0128125   300.00000009903  8.908027594311e-14  0.80000000003034  0.19999999996963  
 0.013125   300.00000009903  8.908027594311e-14  0.80000000003034  0.19999999996963  
 0.0134375   300.00000009903  8.908027594311e-14  0.80000000003034  0.19999999996963  
 0.01375   300.00000009903  8.908027594311e-14  0.80000000003034  0.19999999996963  
 0.0140625   300.00000009903  8.908027594311e-14  0.80000000003034  0.19999999996963  
 0.014375   300.00000009903  8.908027594311e-14  0.80000000003034  0.19999999996963  
 0.0146875   300.00000009903  8.908027594311e-14  0.80000000003034  0.19999999996963  
 0.015   300.00000009903  8.908027594311e-14  0.80000000003034  0.19999999996963  
 0.0153125   300.00000009903  8.908027594311e-14  0.80000000003034  0.19999999996963  
 0.015625   300.00000009903  8.908027594311e-14  0.80000000003034  0.19999999996963  
 0.0159375   300.00000009903  8.908027594311e-14  0.80000000003034  0.19999999996963  
 0.01625   300.00000009903  8.908027594311e-14  0.80000000003034  0.19999999996963  
 0.0165625   300.00000009903  8.908027594311e-14  0.80000000003034  0.19999999996963  
 0.016875   300.00000009903  8.908027594311e-14  0.80000000003034  0.19999999996963  
 0.0171875   300.00000009903  8.908027594311e-14  0.80000000003034  0.19999999996963  
 0.0175   300.00000009903  8.908027594311e-14  0.80000000003034  0.19999999996963  
 0.0178125   300.00000009903  8.908027594311e-14  0.80000000003034  0.19999999996963  
 0.018125   300.00000009903  8.908027594311e-14  0.80000000003034  0.19999999996963  
 0.0184375   300.00000009903  8.908027594311e-14  0.80000000003034  0.19999999996963  
 0.01875   300.00000009903  8.908027594311e-14  0.80000000003034  0.19999999996963  
 0.0190625   300.00000009903  8.908027594311e-14  0.80000000003034  0.19999999996963  
 0.019375   300.00000009903  8.908027594311e-14  0.80000000003034  0.19999999996963  
 0.0196875   300.00000009903  8.908027594311e-14  0.80000000003034  0.19999999996963  
 0.02   300  0  0.8  0.2  
