# TIME: 0.00092000000000002
#  x     Variables:...

 0   1000  0  0.8  0.2  
 0.0003125   1101.7050663058  0.0052597102183301  0.99359040582793  0.0011501108354513  
 0.000625   810.58138617983  0.00036249613014993  0.89559866471346  0.10403878822611  
 0.0009375   428.79000141392  1.6702283889322e-06  0.8121104809542  0.18788784877067  
 0.00125   327.72559634364  6.1135682000597e-09  0.80132023754668  0.19867975633964  
 0.0015625   305.28391373685  1.7433309137347e-11  0.8001176092115  0.19988239077107  
 0.001875   300.90086936467  1.4686800662695e-13  0.80000881627923  0.19999118372063  
 0.0021875   300.13732752619  9.0923399985982e-14  0.80000057699834  0.19999942300158  
 0.0025   300.0187525308  8.931374788649e-14  0.80000003408353  0.19999996591639  
 0.0028125   300.00230664441  8.9108914706281e-14  0.80000000188007  0.19999999811985  
 0.003125   300.00025745857  8.9083470150383e-14  0.80000000011091  0.19999999988901  
 0.0034375   300.00002630213  8.9080601089912e-14  0.80000000001886  0.19999999998107  
 0.00375   300.00000251003  8.9080305859529e-14  0.80000000001426  0.19999999998567  
 0.0040625   300.0000002594  8.9080277938408e-14  0.80000000001404  0.1999999999859  
 0.004375   300.00000006247  8.9080275495865e-14  0.80000000001403  0.19999999998591  
 0.0046875   300.00000004644  8.9080275297101e-14  0.80000000001403  0.19999999998591  
 0.005   300.00000004522  8.908027528198e-14  0.80000000001403  0.19999999998591  
 0.0053125   300.00000004513  8.9080275280898e-14  0.80000000001403  0.19999999998591  
 0.005625   300.00000004513  8.9080275280829e-14  0.80000000001403  0.19999999998591  
 0.0059375   300.00000004513  8.9080275280829e-14  0.80000000001403  0.19999999998591  
 0.00625   300.00000004513  8.9080275280829e-14  0.80000000001403  0.19999999998591  
 0.0065625   300.00000004513  8.9080275280829e-14  0.80000000001403  0.19999999998591  
 0.006875   300.00000004513  8.9080275280829e-14  0.80000000001403  0.19999999998591  
 0.0071875   300.00000004513  8.9080275280829e-14  0.80000000001403  0.19999999998591  
 0.0075   300.00000004513  8.9080275280829e-14  0.80000000001403  0.19999999998591  
 0.0078125   300.00000004513  8.9080275280829e-14  0.80000000001403  0.19999999998591  
 0.008125   300.00000004513  8.9080275280829e-14  0.80000000001403  0.19999999998591  
 0.0084375   300.00000004513  8.9080275280829e-14  0.80000000001403  0.19999999998591  
 0.00875   300.00000004513  8.9080275280829e-14  0.80000000001403  0.19999999998591  
 0.0090625   300.00000004513  8.9080275280829e-14  0.80000000001403  0.19999999998591  
 0.009375   300.00000004513  8.9080275280829e-14  0.80000000001403  0.19999999998591  
 0.0096875   300.00000004513  8.9080275280829e-14  0.80000000001403  0.19999999998591  
 0.01   300.00000004513  8.9080275280829e-14  0.80000000001403  0.19999999998591  
 0.0103125   300.00000004513  8.9080275280829e-14  0.80000000001403  0.19999999998591  
 0.010625   300.00000004513  8.9080275280829e-14  0.80000000001403  0.19999999998591  
 0.0109375   300.00000004513  8.9080275280829e-14  0.80000000001403  0.19999999998591  
 0.01125   300.00000004513  8.9080275280829e-14  0.80000000001403  0.19999999998591  
 0.0115625   300.00000004513  8.9080275280829e-14  0.80000000001403  0.19999999998591  
 0.011875   300.00000004513  8.9080275280829e-14  0.80000000001403  0.19999999998591  
 0.0121875   300.00000004513  8.9080275280829e-14  0.80000000001403  0.19999999998591  
 0.0125   300.00000004513  8.9080275280829e-14  0.80000000001403  0.19999999998591  
 0.0128125   300.00000004513  8.9080275280829e-14  0.80000000001403  0.19999999998591  
 0.013125   300.00000004513  8.9080275280829e-14  0.80000000001403  0.19999999998591  
 0.0134375   300.00000004513  8.9080275280829e-14  0.80000000001403  0.19999999998591  
 0.01375   300.00000004513  8.9080275280829e-14  0.80000000001403  0.19999999998591  
 0.0140625   300.00000004513  8.9080275280829e-14  0.80000000001403  0.19999999998591  
 0.014375   300.00000004513  8.9080275280829e-14  0.80000000001403  0.19999999998591  
 0.0146875   300.00000004513  8.9080275280829e-14  0.80000000001403  0.19999999998591  
 0.015   300.00000004513  8.9080275280829e-14  0.80000000001403  0.19999999998591  
 0.0153125   300.00000004513  8.9080275280829e-14  0.80000000001403  0.19999999998591  
 0.015625   300.00000004513  8.9080275280829e-14  0.80000000001403  0.19999999998591  
 0.0159375   300.00000004513  8.9080275280829e-14  0.80000000001403  0.19999999998591  
 0.01625   300.00000004513  8.9080275280829e-14  0.80000000001403  0.19999999998591  
 0.0165625   300.00000004513  8.9080275280829e-14  0.80000000001403  0.19999999998591  
 0.016875   300.00000004513  8.9080275280829e-14  0.80000000001403  0.19999999998591  
 0.0171875   300.00000004513  8.9080275280829e-14  0.80000000001403  0.19999999998591  
 0.0175   300.00000004513  8.9080275280829e-14  0.80000000001403  0.19999999998591  
 0.0178125   300.00000004513  8.9080275280829e-14  0.80000000001403  0.19999999998591  
 0.018125   300.00000004513  8.9080275280829e-14  0.80000000001403  0.19999999998591  
 0.0184375   300.00000004513  8.9080275280829e-14  0.80000000001403  0.19999999998591  
 0.01875   300.00000004513  8.9080275280829e-14  0.80000000001403  0.19999999998591  
 0.0190625   300.00000004513  8.9080275280829e-14  0.80000000001403  0.19999999998591  
 0.019375   300.00000004513  8.9080275280829e-14  0.80000000001403  0.19999999998591  
 0.0196875   300.00000004513  8.9080275280829e-14  0.80000000001403  0.19999999998591  
 0.02   300  0  0.8  0.2  
