# TIME: 0.00090000000000002
#  x     Variables:...

 0   1000  0  0.8  0.2  
 0.0003125   1101.5460470266  0.0053094209310815  0.99354359603909  0.0011471968443256  
 0.000625   763.44474486448  0.00018949185355123  0.87909965102147  0.12071080939873  
 0.0009375   418.86926927865  9.2486572153989e-07  0.8104010035754  0.1895980715294  
 0.00125   325.31337777716  3.3907011127929e-09  0.80109492682792  0.1989050697813  
 0.0015625   304.76117899767  9.8447358117788e-12  0.80009285808483  0.19990714190533  
 0.001875   300.79967920335  1.2569719625675e-13  0.80000662681685  0.19999337318303  
 0.0021875   300.11980730795  9.065078983029e-14  0.80000041486857  0.19999958513134  
 0.0025   300.01604991768  8.9279970199363e-14  0.80000002361421  0.1999999763857  
 0.0028125   300.001934666  8.9104294323457e-14  0.80000000126925  0.19999999873067  
 0.003125   300.00021149401  8.9082899528951e-14  0.80000000007751  0.19999999992241  
 0.0034375   300.00002116149  8.9080537287929e-14  0.80000000001685  0.19999999998307  
 0.00375   300.00000198477  8.9080299341913e-14  0.80000000001387  0.19999999998606  
 0.0040625   300.00000020926  8.9080277316499e-14  0.80000000001373  0.1999999999862  
 0.004375   300.00000005721  8.9080275430757e-14  0.80000000001373  0.19999999998621  
 0.0046875   300.0000000451  8.9080275280576e-14  0.80000000001373  0.19999999998621  
 0.005   300.0000000442  8.9080275269393e-14  0.80000000001373  0.19999999998621  
 0.0053125   300.00000004413  8.908027526861e-14  0.80000000001373  0.19999999998621  
 0.005625   300.00000004413  8.9080275268566e-14  0.80000000001373  0.19999999998621  
 0.0059375   300.00000004413  8.9080275268565e-14  0.80000000001373  0.19999999998621  
 0.00625   300.00000004413  8.9080275268565e-14  0.80000000001373  0.19999999998621  
 0.0065625   300.00000004413  8.9080275268565e-14  0.80000000001373  0.19999999998621  
 0.006875   300.00000004413  8.9080275268565e-14  0.80000000001373  0.19999999998621  
 0.0071875   300.00000004413  8.9080275268565e-14  0.80000000001373  0.19999999998621  
 0.0075   300.00000004413  8.9080275268565e-14  0.80000000001373  0.19999999998621  
 0.0078125   300.00000004413  8.9080275268565e-14  0.80000000001373  0.19999999998621  
 0.008125   300.00000004413  8.9080275268565e-14  0.80000000001373  0.19999999998621  
 0.0084375   300.00000004413  8.9080275268565e-14  0.80000000001373  0.19999999998621  
 0.00875   300.00000004413  8.9080275268565e-14  0.80000000001373  0.19999999998621  
 0.0090625   300.00000004413  8.9080275268565e-14  0.80000000001373  0.19999999998621  
 0.009375   300.00000004413  8.9080275268565e-14  0.80000000001373  0.19999999998621  
 0.0096875   300.00000004413  8.9080275268565e-14  0.80000000001373  0.19999999998621  
 0.01   300.00000004413  8.9080275268565e-14  0.80000000001373  0.19999999998621  
 0.0103125   300.00000004413  8.9080275268565e-14  0.80000000001373  0.19999999998621  
 0.010625   300.00000004413  8.9080275268565e-14  0.80000000001373  0.19999999998621  
 0.0109375   300.00000004413  8.9080275268565e-14  0.80000000001373  0.19999999998621  
 0.01125   300.00000004413  8.9080275268565e-14  0.80000000001373  0.19999999998621  
 0.0115625   300.00000004413  8.9080275268565e-14  0.80000000001373  0.19999999998621  
 0.011875   300.00000004413  8.9080275268565e-14  0.80000000001373  0.19999999998621  
 0.0121875   300.00000004413  8.9080275268565e-14  0.80000000001373  0.19999999998621  
 0.0125   300.00000004413  8.9080275268565e-14  0.80000000001373  0.19999999998621  
 0.0128125   300.00000004413  8.9080275268565e-14  0.80000000001373  0.19999999998621  
 0.013125   300.00000004413  8.9080275268565e-14  0.80000000001373  0.19999999998621  
 0.0134375   300.00000004413  8.9080275268565e-14  0.80000000001373  0.19999999998621  
 0.01375   300.00000004413  8.9080275268565e-14  0.80000000001373  0.19999999998621  
 0.0140625   300.00000004413  8.9080275268565e-14  0.80000000001373  0.19999999998621  
 0.014375   300.00000004413  8.9080275268565e-14  0.80000000001373  0.19999999998621  
 0.0146875   300.00000004413  8.9080275268565e-14  0.80000000001373  0.19999999998621  
 0.015   300.00000004413  8.9080275268565e-14  0.80000000001373  0.19999999998621  
 0.0153125   300.00000004413  8.9080275268565e-14  0.80000000001373  0.19999999998621  
 0.015625   300.00000004413  8.9080275268565e-14  0.80000000001373  0.19999999998621  
 0.0159375   300.00000004413  8.9080275268565e-14  0.80000000001373  0.19999999998621  
 0.01625   300.00000004413  8.9080275268565e-14  0.80000000001373  0.19999999998621  
 0.0165625   300.00000004413  8.9080275268565e-14  0.80000000001373  0.19999999998621  
 0.016875   300.00000004413  8.9080275268565e-14  0.80000000001373  0.19999999998621  
 0.0171875   300.00000004413  8.9080275268565e-14  0.80000000001373  0.19999999998621  
 0.0175   300.00000004413  8.9080275268565e-14  0.80000000001373  0.19999999998621  
 0.0178125   300.00000004413  8.9080275268565e-14  0.80000000001373  0.19999999998621  
 0.018125   300.00000004413  8.9080275268565e-14  0.80000000001373  0.19999999998621  
 0.0184375   300.00000004413  8.9080275268565e-14  0.80000000001373  0.19999999998621  
 0.01875   300.00000004413  8.9080275268565e-14  0.80000000001373  0.19999999998621  
 0.0190625   300.00000004413  8.9080275268565e-14  0.80000000001373  0.19999999998621  
 0.019375   300.00000004413  8.9080275268565e-14  0.80000000001373  0.19999999998621  
 0.0196875   300.00000004413  8.9080275268565e-14  0.80000000001373  0.19999999998621  
 0.02   300  0  0.8  0.2  
