# TIME: 0.00058000000000001
#  x     Variables:...

 0   1000  0  0.8  0.2  
 0.0003125   760.69661126761  0.00017625351093402  0.82777816399859  0.17204558257241  
 0.000625   432.00978711702  7.9408482916311e-07  0.80149262791214  0.19850657798305  
 0.0009375   328.55743440548  2.9671618274509e-09  0.80008185509175  0.19991814194104  
 0.00125   304.8075174845  8.5695437031428e-12  0.80000434422794  0.19999565576349  
 0.0015625   300.66095444092  1.2015080923483e-13  0.80000021753711  0.19999978246277  
 0.001875   300.07674267947  9.0098204579077e-14  0.80000001021254  0.19999998978737  
 0.0021875   300.00770724099  8.9176126252186e-14  0.80000000045718  0.19999999954274  
 0.0025   300.00068178281  8.9088732146868e-14  0.80000000002738  0.19999999997254  
 0.0028125   300.0000539075  8.9080943124276e-14  0.80000000000961  0.19999999999031  
 0.003125   300.00000387645  8.9080322769668e-14  0.80000000000892  0.199999999991  
 0.0034375   300.00000027892  8.9080278179231e-14  0.8000000000089  0.19999999999103  
 0.00375   300.00000004318  8.9080275258421e-14  0.8000000000089  0.19999999999103  
 0.0040625   300.00000002899  8.9080275082647e-14  0.8000000000089  0.19999999999103  
 0.004375   300.0000000282  8.9080275072861e-14  0.8000000000089  0.19999999999103  
 0.0046875   300.00000002816  8.9080275072353e-14  0.8000000000089  0.19999999999103  
 0.005   300.00000002816  8.9080275072335e-14  0.8000000000089  0.19999999999103  
 0.0053125   300.00000002816  8.9080275072335e-14  0.8000000000089  0.19999999999103  
 0.005625   300.00000002816  8.9080275072335e-14  0.8000000000089  0.19999999999103  
 0.0059375   300.00000002816  8.9080275072335e-14  0.8000000000089  0.19999999999103  
 0.00625   300.00000002816  8.9080275072335e-14  0.8000000000089  0.19999999999103  
 0.0065625   300.00000002816  8.9080275072335e-14  0.8000000000089  0.19999999999103  
 0.006875   300.00000002816  8.9080275072335e-14  0.8000000000089  0.19999999999103  
 0.0071875   300.00000002816  8.9080275072335e-14  0.8000000000089  0.19999999999103  
 0.0075   300.00000002816  8.9080275072335e-14  0.8000000000089  0.19999999999103  
 0.0078125   300.00000002816  8.9080275072335e-14  0.8000000000089  0.19999999999103  
 0.008125   300.00000002816  8.9080275072335e-14  0.8000000000089  0.19999999999103  
 0.0084375   300.00000002816  8.9080275072335e-14  0.8000000000089  0.19999999999103  
 0.00875   300.00000002816  8.9080275072335e-14  0.8000000000089  0.19999999999103  
 0.0090625   300.00000002816  8.9080275072335e-14  0.8000000000089  0.19999999999103  
 0.009375   300.00000002816  8.9080275072335e-14  0.8000000000089  0.19999999999103  
 0.0096875   300.00000002816  8.9080275072335e-14  0.8000000000089  0.19999999999103  
 0.01   300.00000002816  8.9080275072335e-14  0.8000000000089  0.19999999999103  
 0.0103125   300.00000002816  8.9080275072335e-14  0.8000000000089  0.19999999999103  
 0.010625   300.00000002816  8.9080275072335e-14  0.8000000000089  0.19999999999103  
 0.0109375   300.00000002816  8.9080275072335e-14  0.8000000000089  0.19999999999103  
 0.01125   300.00000002816  8.9080275072335e-14  0.8000000000089  0.19999999999103  
 0.0115625   300.00000002816  8.9080275072335e-14  0.8000000000089  0.19999999999103  
 0.011875   300.00000002816  8.9080275072335e-14  0.8000000000089  0.19999999999103  
 0.0121875   300.00000002816  8.9080275072335e-14  0.8000000000089  0.19999999999103  
 0.0125   300.00000002816  8.9080275072335e-14  0.8000000000089  0.19999999999103  
 0.0128125   300.00000002816  8.9080275072335e-14  0.8000000000089  0.19999999999103  
 0.013125   300.00000002816  8.9080275072335e-14  0.8000000000089  0.19999999999103  
 0.0134375   300.00000002816  8.9080275072335e-14  0.8000000000089  0.19999999999103  
 0.01375   300.00000002816  8.9080275072335e-14  0.8000000000089  0.19999999999103  
 0.0140625   300.00000002816  8.9080275072335e-14  0.8000000000089  0.19999999999103  
 0.014375   300.00000002816  8.9080275072335e-14  0.8000000000089  0.19999999999103  
 0.0146875   300.00000002816  8.9080275072335e-14  0.8000000000089  0.19999999999103  
 0.015   300.00000002816  8.9080275072335e-14  0.8000000000089  0.19999999999103  
 0.0153125   300.00000002816  8.9080275072335e-14  0.8000000000089  0.19999999999103  
 0.015625   300.00000002816  8.9080275072335e-14  0.8000000000089  0.19999999999103  
 0.0159375   300.00000002816  8.9080275072335e-14  0.8000000000089  0.19999999999103  
 0.01625   300.00000002816  8.9080275072335e-14  0.8000000000089  0.19999999999103  
 0.0165625   300.00000002816  8.9080275072335e-14  0.8000000000089  0.19999999999103  
 0.016875   300.00000002816  8.9080275072335e-14  0.8000000000089  0.19999999999103  
 0.0171875   300.00000002816  8.9080275072335e-14  0.8000000000089  0.19999999999103  
 0.0175   300.00000002816  8.9080275072335e-14  0.8000000000089  0.19999999999103  
 0.0178125   300.00000002816  8.9080275072335e-14  0.8000000000089  0.19999999999103  
 0.018125   300.00000002816  8.9080275072335e-14  0.8000000000089  0.19999999999103  
 0.0184375   300.00000002816  8.9080275072335e-14  0.8000000000089  0.19999999999103  
 0.01875   300.00000002816  8.9080275072335e-14  0.8000000000089  0.19999999999103  
 0.0190625   300.00000002816  8.9080275072335e-14  0.8000000000089  0.19999999999103  
 0.019375   300.00000002816  8.9080275072335e-14  0.8000000000089  0.19999999999103  
 0.0196875   300.00000002816  8.9080275072335e-14  0.8000000000089  0.19999999999103  
 0.02   300  0  0.8  0.2  
