# TIME: 0.00146
#  x     Variables:...

 0   1000  0  0.8  0.2  
 0.0003125   1143.2925390412  0.0062317270774004  0.99289505041741  0.00087369760276466  
 0.000625   1051.9667325639  0.0023846943650215  0.99746177550273  0.0001535819057365  
 0.0009375   989.22044285227  0.0021777703620663  0.99735327504852  0.00046890321094432  
 0.00125   527.69459706975  9.5155591289341e-06  0.84087647019141  0.1591140090244  
 0.0015625   357.19400278175  4.9875331544625e-08  0.80709363890686  0.19290631121637  
 0.001875   313.01423320483  1.7166575794446e-10  0.80112304642362  0.19887695340471  
 0.0021875   302.71029007541  6.3522839929814e-13  0.80015751352006  0.19984248647931  
 0.0025   300.52110530636  9.7226621877523e-14  0.80001960756889  0.19998039243102  
 0.0028125   300.09298560018  9.0245965845437e-14  0.80000219454303  0.19999780545689  
 0.003125   300.01542753818  8.9272013970697e-14  0.8000002236606  0.19999977633932  
 0.0034375   300.00238222819  8.9109855948433e-14  0.80000002098172  0.19999997901821  
 0.00375   300.00034286364  8.9084531632967e-14  0.80000000184273  0.1999999981572  
 0.0040625   300.00004613627  8.9080847494021e-14  0.80000000016964  0.19999999983029  
 0.004375   300.00000586753  8.9080347555496e-14  0.80000000003337  0.19999999996657  
 0.0046875   300.00000075668  8.9080284109591e-14  0.80000000002297  0.19999999997697  
 0.005   300.00000014823  8.908027655712e-14  0.80000000002223  0.19999999997772  
 0.0053125   300.00000008008  8.9080275711245e-14  0.80000000002218  0.19999999997777  
 0.005625   300.00000007287  8.9080275621835e-14  0.80000000002218  0.19999999997777  
 0.0059375   300.00000007215  8.9080275612892e-14  0.80000000002218  0.19999999997777  
 0.00625   300.00000007208  8.9080275612037e-14  0.80000000002218  0.19999999997777  
 0.0065625   300.00000007208  8.908027561197e-14  0.80000000002218  0.19999999997777  
 0.006875   300.00000007208  8.908027561197e-14  0.80000000002218  0.19999999997777  
 0.0071875   300.00000007208  8.908027561197e-14  0.80000000002218  0.19999999997777  
 0.0075   300.00000007208  8.908027561197e-14  0.80000000002218  0.19999999997777  
 0.0078125   300.00000007208  8.908027561197e-14  0.80000000002218  0.19999999997777  
 0.008125   300.00000007208  8.908027561197e-14  0.80000000002218  0.19999999997777  
 0.0084375   300.00000007208  8.908027561197e-14  0.80000000002218  0.19999999997777  
 0.00875   300.00000007208  8.908027561197e-14  0.80000000002218  0.19999999997777  
 0.0090625   300.00000007208  8.908027561197e-14  0.80000000002218  0.19999999997777  
 0.009375   300.00000007208  8.908027561197e-14  0.80000000002218  0.19999999997777  
 0.0096875   300.00000007208  8.908027561197e-14  0.80000000002218  0.19999999997777  
 0.01   300.00000007208  8.908027561197e-14  0.80000000002218  0.19999999997777  
 0.0103125   300.00000007208  8.908027561197e-14  0.80000000002218  0.19999999997777  
 0.010625   300.00000007208  8.908027561197e-14  0.80000000002218  0.19999999997777  
 0.0109375   300.00000007208  8.908027561197e-14  0.80000000002218  0.19999999997777  
 0.01125   300.00000007208  8.908027561197e-14  0.80000000002218  0.19999999997777  
 0.0115625   300.00000007208  8.908027561197e-14  0.80000000002218  0.19999999997777  
 0.011875   300.00000007208  8.908027561197e-14  0.80000000002218  0.19999999997777  
 0.0121875   300.00000007208  8.908027561197e-14  0.80000000002218  0.19999999997777  
 0.0125   300.00000007208  8.908027561197e-14  0.80000000002218  0.19999999997777  
 0.0128125   300.00000007208  8.908027561197e-14  0.80000000002218  0.19999999997777  
 0.013125   300.00000007208  8.908027561197e-14  0.80000000002218  0.19999999997777  
 0.0134375   300.00000007208  8.908027561197e-14  0.80000000002218  0.19999999997777  
 0.01375   300.00000007208  8.908027561197e-14  0.80000000002218  0.19999999997777  
 0.0140625   300.00000007208  8.908027561197e-14  0.80000000002218  0.19999999997777  
 0.014375   300.00000007208  8.908027561197e-14  0.80000000002218  0.19999999997777  
 0.0146875   300.00000007208  8.908027561197e-14  0.80000000002218  0.19999999997777  
 0.015   300.00000007208  8.908027561197e-14  0.80000000002218  0.19999999997777  
 0.0153125   300.00000007208  8.908027561197e-14  0.80000000002218  0.19999999997777  
 0.015625   300.00000007208  8.908027561197e-14  0.80000000002218  0.19999999997777  
 0.0159375   300.00000007208  8.908027561197e-14  0.80000000002218  0.19999999997777  
 0.01625   300.00000007208  8.908027561197e-14  0.80000000002218  0.19999999997777  
 0.0165625   300.00000007208  8.908027561197e-14  0.80000000002218  0.19999999997777  
 0.016875   300.00000007208  8.908027561197e-14  0.80000000002218  0.19999999997777  
 0.0171875   300.00000007208  8.908027561197e-14  0.80000000002218  0.19999999997777  
 0.0175   300.00000007208  8.908027561197e-14  0.80000000002218  0.19999999997777  
 0.0178125   300.00000007208  8.908027561197e-14  0.80000000002218  0.19999999997777  
 0.018125   300.00000007208  8.908027561197e-14  0.80000000002218  0.19999999997777  
 0.0184375   300.00000007208  8.908027561197e-14  0.80000000002218  0.19999999997777  
 0.01875   300.00000007208  8.908027561197e-14  0.80000000002218  0.19999999997777  
 0.0190625   300.00000007208  8.908027561197e-14  0.80000000002218  0.19999999997777  
 0.019375   300.00000007208  8.908027561197e-14  0.80000000002218  0.19999999997777  
 0.0196875   300.00000007208  8.908027561197e-14  0.80000000002218  0.19999999997777  
 0.02   300  0  0.8  0.2  
