# TIME: 0.00126
#  x     Variables:...

 0   1000  0  0.8  0.2  
 0.0003125   1134.5084119889  0.0058934425771813  0.99317729484081  0.00092964499991974  
 0.000625   1026.4063621179  0.0025060658373549  0.99729601109886  0.00019795094001345  
 0.0009375   694.50340747533  6.0252109598711e-05  0.87790826623924  0.12203143711032  
 0.00125   414.55071166877  3.2006765849149e-07  0.81523405758892  0.1847656223291  
 0.0015625   326.40811059196  1.232323563408e-09  0.80232490551854  0.19767509324909  
 0.001875   305.40083350516  3.8264134282238e-12  0.80029562897501  0.19970437102116  
 0.0021875   301.01576035852  1.1270988747594e-13  0.80003276494276  0.19996723505714  
 0.0025   300.17651988257  9.1326580862445e-14  0.80000324714106  0.19999675285885  
 0.0028125   300.02829379306  8.9432339969472e-14  0.8000002919111  0.19999970808882  
 0.003125   300.00418089667  8.9132200116866e-14  0.80000002404071  0.19999997595921  
 0.0034375   300.00057052811  8.9087358259242e-14  0.8000000018427  0.19999999815722  
 0.00375   300.00007215889  8.9081170502363e-14  0.80000000014776  0.19999999985217  
 0.0040625   300.00000853304  8.9080380633812e-14  0.80000000002764  0.1999999999723  
 0.004375   300.000000991  8.9080287017455e-14  0.80000000001968  0.19999999998026  
 0.0046875   300.00000015753  8.9080276673483e-14  0.80000000001919  0.19999999998075  
 0.005   300.00000007132  8.9080275603693e-14  0.80000000001916  0.19999999998078  
 0.0053125   300.00000006294  8.9080275499738e-14  0.80000000001916  0.19999999998078  
 0.005625   300.00000006217  8.9080275490214e-14  0.80000000001916  0.19999999998078  
 0.0059375   300.0000000621  8.9080275489385e-14  0.80000000001916  0.19999999998078  
 0.00625   300.0000000621  8.9080275489326e-14  0.80000000001916  0.19999999998078  
 0.0065625   300.0000000621  8.9080275489326e-14  0.80000000001916  0.19999999998078  
 0.006875   300.0000000621  8.9080275489326e-14  0.80000000001916  0.19999999998078  
 0.0071875   300.0000000621  8.9080275489326e-14  0.80000000001916  0.19999999998078  
 0.0075   300.0000000621  8.9080275489326e-14  0.80000000001916  0.19999999998078  
 0.0078125   300.0000000621  8.9080275489326e-14  0.80000000001916  0.19999999998078  
 0.008125   300.0000000621  8.9080275489326e-14  0.80000000001916  0.19999999998078  
 0.0084375   300.0000000621  8.9080275489326e-14  0.80000000001916  0.19999999998078  
 0.00875   300.0000000621  8.9080275489326e-14  0.80000000001916  0.19999999998078  
 0.0090625   300.0000000621  8.9080275489326e-14  0.80000000001916  0.19999999998078  
 0.009375   300.0000000621  8.9080275489326e-14  0.80000000001916  0.19999999998078  
 0.0096875   300.0000000621  8.9080275489326e-14  0.80000000001916  0.19999999998078  
 0.01   300.0000000621  8.9080275489326e-14  0.80000000001916  0.19999999998078  
 0.0103125   300.0000000621  8.9080275489326e-14  0.80000000001916  0.19999999998078  
 0.010625   300.0000000621  8.9080275489326e-14  0.80000000001916  0.19999999998078  
 0.0109375   300.0000000621  8.9080275489326e-14  0.80000000001916  0.19999999998078  
 0.01125   300.0000000621  8.9080275489326e-14  0.80000000001916  0.19999999998078  
 0.0115625   300.0000000621  8.9080275489326e-14  0.80000000001916  0.19999999998078  
 0.011875   300.0000000621  8.9080275489326e-14  0.80000000001916  0.19999999998078  
 0.0121875   300.0000000621  8.9080275489326e-14  0.80000000001916  0.19999999998078  
 0.0125   300.0000000621  8.9080275489326e-14  0.80000000001916  0.19999999998078  
 0.0128125   300.0000000621  8.9080275489326e-14  0.80000000001916  0.19999999998078  
 0.013125   300.0000000621  8.9080275489326e-14  0.80000000001916  0.19999999998078  
 0.0134375   300.0000000621  8.9080275489326e-14  0.80000000001916  0.19999999998078  
 0.01375   300.0000000621  8.9080275489326e-14  0.80000000001916  0.19999999998078  
 0.0140625   300.0000000621  8.9080275489326e-14  0.80000000001916  0.19999999998078  
 0.014375   300.0000000621  8.9080275489326e-14  0.80000000001916  0.19999999998078  
 0.0146875   300.0000000621  8.9080275489326e-14  0.80000000001916  0.19999999998078  
 0.015   300.0000000621  8.9080275489326e-14  0.80000000001916  0.19999999998078  
 0.0153125   300.0000000621  8.9080275489326e-14  0.80000000001916  0.19999999998078  
 0.015625   300.0000000621  8.9080275489326e-14  0.80000000001916  0.19999999998078  
 0.0159375   300.0000000621  8.9080275489326e-14  0.80000000001916  0.19999999998078  
 0.01625   300.0000000621  8.9080275489326e-14  0.80000000001916  0.19999999998078  
 0.0165625   300.0000000621  8.9080275489326e-14  0.80000000001916  0.19999999998078  
 0.016875   300.0000000621  8.9080275489326e-14  0.80000000001916  0.19999999998078  
 0.0171875   300.0000000621  8.9080275489326e-14  0.80000000001916  0.19999999998078  
 0.0175   300.0000000621  8.9080275489326e-14  0.80000000001916  0.19999999998078  
 0.0178125   300.0000000621  8.9080275489326e-14  0.80000000001916  0.19999999998078  
 0.018125   300.0000000621  8.9080275489326e-14  0.80000000001916  0.19999999998078  
 0.0184375   300.0000000621  8.9080275489326e-14  0.80000000001916  0.19999999998078  
 0.01875   300.0000000621  8.9080275489326e-14  0.80000000001916  0.19999999998078  
 0.0190625   300.0000000621  8.9080275489326e-14  0.80000000001916  0.19999999998078  
 0.019375   300.0000000621  8.9080275489326e-14  0.80000000001916  0.19999999998078  
 0.0196875   300.0000000621  8.9080275489326e-14  0.80000000001916  0.19999999998078  
 0.02   300  0  0.8  0.2  
