# TIME: 0.00164
#  x     Variables:...

 0   1000  0  0.8  0.2  
 0.0003125   1151.534425485  0.0065081264879671  0.99266576290182  0.00082667117458725  
 0.000625   1078.5093997365  0.002511900651369  0.99736442200285  0.00012372922250914  
 0.0009375   978.06217870483  0.0015029362451456  0.99827704564709  0.00022000969389386  
 0.00125   644.72991552369  2.351770887284e-05  0.87287242598811  0.12710402662907  
 0.0015625   405.52909221466  1.3024133421677e-07  0.81629969523769  0.18370017451439  
 0.001875   326.45281509703  5.0936271313283e-10  0.80301649834547  0.19698350114515  
 0.0021875   305.96532692404  1.7299118904409e-12  0.80049070141021  0.19950929858806  
 0.0025   301.24305264596  1.1018042427976e-13  0.80007158343846  0.19992841656144  
 0.0028125   300.24107781345  9.2133311837688e-14  0.80000944362003  0.19999055637989  
 0.003125   300.04364026246  8.9623543206761e-14  0.80000113495115  0.19999886504877  
 0.0034375   300.00738660951  8.9172014217197e-14  0.80000012522987  0.19999987477006  
 0.00375   300.00117076117  8.9094810739287e-14  0.80000001279727  0.19999998720265  
 0.0040625   300.00017407613  8.9082435963915e-14  0.80000000123753  0.19999999876241  
 0.004375   300.00002437581  8.908057734648e-14  0.80000000013263  0.1999999998673  
 0.0046875   300.00000327453  8.9080315367612e-14  0.80000000003389  0.19999999996606  
 0.005   300.00000047713  8.9080280638941e-14  0.8000000000256  0.19999999997435  
 0.0053125   300.00000012752  8.9080276298999e-14  0.80000000002494  0.199999999975  
 0.005625   300.00000008623  8.9080275786456e-14  0.8000000000249  0.19999999997505  
 0.0059375   300.00000008161  8.908027572911e-14  0.8000000000249  0.19999999997505  
 0.00625   300.00000008112  8.9080275723018e-14  0.8000000000249  0.19999999997505  
 0.0065625   300.00000008107  8.9080275722403e-14  0.8000000000249  0.19999999997505  
 0.006875   300.00000008106  8.9080275722351e-14  0.8000000000249  0.19999999997505  
 0.0071875   300.00000008106  8.9080275722351e-14  0.8000000000249  0.19999999997505  
 0.0075   300.00000008106  8.9080275722351e-14  0.8000000000249  0.19999999997505  
 0.0078125   300.00000008106  8.9080275722351e-14  0.8000000000249  0.19999999997505  
 0.008125   300.00000008106  8.9080275722351e-14  0.8000000000249  0.19999999997505  
 0.0084375   300.00000008106  8.9080275722351e-14  0.8000000000249  0.19999999997505  
 0.00875   300.00000008106  8.9080275722351e-14  0.8000000000249  0.19999999997505  
 0.0090625   300.00000008106  8.9080275722351e-14  0.8000000000249  0.19999999997505  
 0.009375   300.00000008106  8.9080275722351e-14  0.8000000000249  0.19999999997505  
 0.0096875   300.00000008106  8.9080275722351e-14  0.8000000000249  0.19999999997505  
 0.01   300.00000008106  8.9080275722351e-14  0.8000000000249  0.19999999997505  
 0.0103125   300.00000008106  8.9080275722351e-14  0.8000000000249  0.19999999997505  
 0.010625   300.00000008106  8.9080275722351e-14  0.8000000000249  0.19999999997505  
 0.0109375   300.00000008106  8.9080275722351e-14  0.8000000000249  0.19999999997505  
 0.01125   300.00000008106  8.9080275722351e-14  0.8000000000249  0.19999999997505  
 0.0115625   300.00000008106  8.9080275722351e-14  0.8000000000249  0.19999999997505  
 0.011875   300.00000008106  8.9080275722351e-14  0.8000000000249  0.19999999997505  
 0.0121875   300.00000008106  8.9080275722351e-14  0.8000000000249  0.19999999997505  
 0.0125   300.00000008106  8.9080275722351e-14  0.8000000000249  0.19999999997505  
 0.0128125   300.00000008106  8.9080275722351e-14  0.8000000000249  0.19999999997505  
 0.013125   300.00000008106  8.9080275722351e-14  0.8000000000249  0.19999999997505  
 0.0134375   300.00000008106  8.9080275722351e-14  0.8000000000249  0.19999999997505  
 0.01375   300.00000008106  8.9080275722351e-14  0.8000000000249  0.19999999997505  
 0.0140625   300.00000008106  8.9080275722351e-14  0.8000000000249  0.19999999997505  
 0.014375   300.00000008106  8.9080275722351e-14  0.8000000000249  0.19999999997505  
 0.0146875   300.00000008106  8.9080275722351e-14  0.8000000000249  0.19999999997505  
 0.015   300.00000008106  8.9080275722351e-14  0.8000000000249  0.19999999997505  
 0.0153125   300.00000008106  8.9080275722351e-14  0.8000000000249  0.19999999997505  
 0.015625   300.00000008106  8.9080275722351e-14  0.8000000000249  0.19999999997505  
 0.0159375   300.00000008106  8.9080275722351e-14  0.8000000000249  0.19999999997505  
 0.01625   300.00000008106  8.9080275722351e-14  0.8000000000249  0.19999999997505  
 0.0165625   300.00000008106  8.9080275722351e-14  0.8000000000249  0.19999999997505  
 0.016875   300.00000008106  8.9080275722351e-14  0.8000000000249  0.19999999997505  
 0.0171875   300.00000008106  8.9080275722351e-14  0.8000000000249  0.19999999997505  
 0.0175   300.00000008106  8.9080275722351e-14  0.8000000000249  0.19999999997505  
 0.0178125   300.00000008106  8.9080275722351e-14  0.8000000000249  0.19999999997505  
 0.018125   300.00000008106  8.9080275722351e-14  0.8000000000249  0.19999999997505  
 0.0184375   300.00000008106  8.9080275722351e-14  0.8000000000249  0.19999999997505  
 0.01875   300.00000008106  8.9080275722351e-14  0.8000000000249  0.19999999997505  
 0.0190625   300.00000008106  8.9080275722351e-14  0.8000000000249  0.19999999997505  
 0.019375   300.00000008106  8.9080275722351e-14  0.8000000000249  0.19999999997505  
 0.0196875   300.00000008106  8.9080275722351e-14  0.8000000000249  0.19999999997505  
 0.02   300  0  0.8  0.2  
