# TIME: 0.0017799999999999
#  x     Variables:...

 0   1000  0  0.8  0.2  
 0.0003125   1157.0560383781  0.0067105885604254  0.99249345861474  0.0007965811207504  
 0.000625   1091.6403019996  0.0026507074144346  0.99723552353597  0.00011382107840857  
 0.0009375   982.33990713212  0.0012762042010374  0.99853370187099  0.0001901110125739  
 0.00125   750.64871882218  0.00014608352742906  0.90802948037467  0.091824389083431  
 0.0015625   454.64265067355  7.3574970624682e-07  0.82684169497133  0.17315756924413  
 0.001875   342.90265543914  3.2797775367771e-09  0.8056874875804  0.19431250913973  
 0.0021875   310.41285591325  1.0705502122968e-11  0.8010423904129  0.1989576095764  
 0.0025   302.30757147773  1.5186864233078e-13  0.80016970299669  0.19983029700317  
 0.0028125   300.47488153674  9.5245765396333e-14  0.80002495102733  0.19997504897258  
 0.003125   300.09132915701  9.0220731246795e-14  0.80000334610481  0.19999665389511  
 0.0034375   300.01646158252  8.9284806196249e-14  0.80000041232034  0.19999958767958  
 0.00375   300.00278589283  8.9114863482867e-14  0.80000004700221  0.19999995299772  
 0.0040625   300.00044341109  8.9085779731646e-14  0.80000000500505  0.19999999499489  
 0.004375   300.00006653231  8.9081100740144e-14  0.80000000052025  0.19999999947968  
 0.0046875   300.00000948321  8.9080392451516e-14  0.80000000007291  0.19999999992703  
 0.005   300.0000013437  8.9080291396796e-14  0.80000000003103  0.19999999996892  
 0.0053125   300.00000024698  8.9080277781195e-14  0.80000000002733  0.19999999997261  
 0.005625   300.00000010714  8.9080276045173e-14  0.80000000002703  0.19999999997292  
 0.0059375   300.00000009023  8.9080275835257e-14  0.80000000002702  0.19999999997294  
 0.00625   300.00000008829  8.9080275811134e-14  0.80000000002702  0.19999999997294  
 0.0065625   300.00000008807  8.9080275808492e-14  0.80000000002702  0.19999999997294  
 0.006875   300.00000008805  8.9080275808202e-14  0.80000000002702  0.19999999997294  
 0.0071875   300.00000008805  8.9080275808201e-14  0.80000000002702  0.19999999997294  
 0.0075   300.00000008805  8.9080275808201e-14  0.80000000002702  0.19999999997294  
 0.0078125   300.00000008805  8.9080275808201e-14  0.80000000002702  0.19999999997294  
 0.008125   300.00000008805  8.9080275808201e-14  0.80000000002702  0.19999999997294  
 0.0084375   300.00000008805  8.9080275808201e-14  0.80000000002702  0.19999999997294  
 0.00875   300.00000008805  8.9080275808201e-14  0.80000000002702  0.19999999997294  
 0.0090625   300.00000008805  8.9080275808201e-14  0.80000000002702  0.19999999997294  
 0.009375   300.00000008805  8.9080275808201e-14  0.80000000002702  0.19999999997294  
 0.0096875   300.00000008805  8.9080275808201e-14  0.80000000002702  0.19999999997294  
 0.01   300.00000008805  8.9080275808201e-14  0.80000000002702  0.19999999997294  
 0.0103125   300.00000008805  8.9080275808201e-14  0.80000000002702  0.19999999997294  
 0.010625   300.00000008805  8.9080275808201e-14  0.80000000002702  0.19999999997294  
 0.0109375   300.00000008805  8.9080275808201e-14  0.80000000002702  0.19999999997294  
 0.01125   300.00000008805  8.9080275808201e-14  0.80000000002702  0.19999999997294  
 0.0115625   300.00000008805  8.9080275808201e-14  0.80000000002702  0.19999999997294  
 0.011875   300.00000008805  8.9080275808201e-14  0.80000000002702  0.19999999997294  
 0.0121875   300.00000008805  8.9080275808201e-14  0.80000000002702  0.19999999997294  
 0.0125   300.00000008805  8.9080275808201e-14  0.80000000002702  0.19999999997294  
 0.0128125   300.00000008805  8.9080275808201e-14  0.80000000002702  0.19999999997294  
 0.013125   300.00000008805  8.9080275808201e-14  0.80000000002702  0.19999999997294  
 0.0134375   300.00000008805  8.9080275808201e-14  0.80000000002702  0.19999999997294  
 0.01375   300.00000008805  8.9080275808201e-14  0.80000000002702  0.19999999997294  
 0.0140625   300.00000008805  8.9080275808201e-14  0.80000000002702  0.19999999997294  
 0.014375   300.00000008805  8.9080275808201e-14  0.80000000002702  0.19999999997294  
 0.0146875   300.00000008805  8.9080275808201e-14  0.80000000002702  0.19999999997294  
 0.015   300.00000008805  8.9080275808201e-14  0.80000000002702  0.19999999997294  
 0.0153125   300.00000008805  8.9080275808201e-14  0.80000000002702  0.19999999997294  
 0.015625   300.00000008805  8.9080275808201e-14  0.80000000002702  0.19999999997294  
 0.0159375   300.00000008805  8.9080275808201e-14  0.80000000002702  0.19999999997294  
 0.01625   300.00000008805  8.9080275808201e-14  0.80000000002702  0.19999999997294  
 0.0165625   300.00000008805  8.9080275808201e-14  0.80000000002702  0.19999999997294  
 0.016875   300.00000008805  8.9080275808201e-14  0.80000000002702  0.19999999997294  
 0.0171875   300.00000008805  8.9080275808201e-14  0.80000000002702  0.19999999997294  
 0.0175   300.00000008805  8.9080275808201e-14  0.80000000002702  0.19999999997294  
 0.0178125   300.00000008805  8.9080275808201e-14  0.80000000002702  0.19999999997294  
 0.018125   300.00000008805  8.9080275808201e-14  0.80000000002702  0.19999999997294  
 0.0184375   300.00000008805  8.9080275808201e-14  0.80000000002702  0.19999999997294  
 0.01875   300.00000008805  8.9080275808201e-14  0.80000000002702  0.19999999997294  
 0.0190625   300.00000008805  8.9080275808201e-14  0.80000000002702  0.19999999997294  
 0.019375   300.00000008805  8.9080275808201e-14  0.80000000002702  0.19999999997294  
 0.0196875   300.00000008805  8.9080275808201e-14  0.80000000002702  0.19999999997294  
 0.02   300  0  0.8  0.2  
