# TIME: 0.00252
#  x     Variables:...

 0   1000  0  0.8  0.2  
 0.0003125   1176.6870787315  0.0074664856903955  0.99183388612579  0.00070062744014098  
 0.000625   1142.1005955172  0.003366242137536  0.99654676693709  8.7043790982712e-05  
 0.0009375   1071.5774050591  0.0014724379516564  0.99844343928601  8.4150357863779e-05  
 0.00125   985.67018201639  0.00070707506646322  0.99917308971204  0.00011985419653087  
 0.0015625   930.736771385  0.0010781436052495  0.99857122563226  0.00035059946500071  
 0.001875   600.53815768516  1.0237505558336e-05  0.86849075707508  0.13149899502162  
 0.0021875   401.89942918442  5.9073123624656e-08  0.81821919391383  0.18178074701027  
 0.0025   330.45892135969  2.4678755227373e-10  0.80444569113625  0.19555430861696  
 0.0028125   308.33771056859  1.0460153959937e-12  0.80099749699331  0.19900250300566  
 0.003125   302.11612612402  1.2163451598967e-13  0.80020550646992  0.19979449352998  
 0.0034375   300.50204698382  9.5523537142231e-14  0.80003903358805  0.19996096641187  
 0.00375   300.11199242186  9.0479231408651e-14  0.80000687176956  0.19999312823036  
 0.0040625   300.02358842172  8.9373289972033e-14  0.80000112685145  0.19999887314849  
 0.004375   300.00470603746  8.9138678826467e-14  0.80000017289746  0.19999982710248  
 0.0046875   300.000891607  8.9091340125454e-14  0.80000002494354  0.19999997505639  
 0.005   300.00016081366  8.9082270811062e-14  0.80000000342038  0.19999999657957  
 0.0053125   300.00002773117  8.908061896797e-14  0.80000000047249  0.19999999952746  
 0.005625   300.00000465219  8.9080332467915e-14  0.80000000009105  0.1999999999089  
 0.0059375   300.00000083465  8.9080285073003e-14  0.80000000004429  0.19999999995567  
 0.00625   300.00000023146  8.9080277583953e-14  0.80000000003884  0.19999999996112  
 0.0065625   300.00000014029  8.9080276452055e-14  0.80000000003824  0.19999999996173  
 0.006875   300.00000012709  8.9080276288197e-14  0.80000000003819  0.19999999996179  
 0.0071875   300.00000012526  8.9080276265448e-14  0.80000000003819  0.19999999996179  
 0.0075   300.00000012502  8.9080276262412e-14  0.80000000003819  0.19999999996179  
 0.0078125   300.00000012498  8.9080276262017e-14  0.80000000003819  0.19999999996179  
 0.008125   300.00000012498  8.9080276261986e-14  0.80000000003819  0.19999999996179  
 0.0084375   300.00000012498  8.9080276261986e-14  0.80000000003819  0.19999999996179  
 0.00875   300.00000012498  8.9080276261986e-14  0.80000000003819  0.19999999996179  
 0.0090625   300.00000012498  8.9080276261986e-14  0.80000000003819  0.19999999996179  
 0.009375   300.00000012498  8.9080276261986e-14  0.80000000003819  0.19999999996179  
 0.0096875   300.00000012498  8.9080276261986e-14  0.80000000003819  0.19999999996179  
 0.01   300.00000012498  8.9080276261986e-14  0.80000000003819  0.19999999996179  
 0.0103125   300.00000012498  8.9080276261986e-14  0.80000000003819  0.19999999996179  
 0.010625   300.00000012498  8.9080276261986e-14  0.80000000003819  0.19999999996179  
 0.0109375   300.00000012498  8.9080276261986e-14  0.80000000003819  0.19999999996179  
 0.01125   300.00000012498  8.9080276261986e-14  0.80000000003819  0.19999999996179  
 0.0115625   300.00000012498  8.9080276261986e-14  0.80000000003819  0.19999999996179  
 0.011875   300.00000012498  8.9080276261986e-14  0.80000000003819  0.19999999996179  
 0.0121875   300.00000012498  8.9080276261986e-14  0.80000000003819  0.19999999996179  
 0.0125   300.00000012498  8.9080276261986e-14  0.80000000003819  0.19999999996179  
 0.0128125   300.00000012498  8.9080276261986e-14  0.80000000003819  0.19999999996179  
 0.013125   300.00000012498  8.9080276261986e-14  0.80000000003819  0.19999999996179  
 0.0134375   300.00000012498  8.9080276261986e-14  0.80000000003819  0.19999999996179  
 0.01375   300.00000012498  8.9080276261986e-14  0.80000000003819  0.19999999996179  
 0.0140625   300.00000012498  8.9080276261986e-14  0.80000000003819  0.19999999996179  
 0.014375   300.00000012498  8.9080276261986e-14  0.80000000003819  0.19999999996179  
 0.0146875   300.00000012498  8.9080276261986e-14  0.80000000003819  0.19999999996179  
 0.015   300.00000012498  8.9080276261986e-14  0.80000000003819  0.19999999996179  
 0.0153125   300.00000012498  8.9080276261986e-14  0.80000000003819  0.19999999996179  
 0.015625   300.00000012498  8.9080276261986e-14  0.80000000003819  0.19999999996179  
 0.0159375   300.00000012498  8.9080276261986e-14  0.80000000003819  0.19999999996179  
 0.01625   300.00000012498  8.9080276261986e-14  0.80000000003819  0.19999999996179  
 0.0165625   300.00000012498  8.9080276261986e-14  0.80000000003819  0.19999999996179  
 0.016875   300.00000012498  8.9080276261986e-14  0.80000000003819  0.19999999996179  
 0.0171875   300.00000012498  8.9080276261986e-14  0.80000000003819  0.19999999996179  
 0.0175   300.00000012498  8.9080276261986e-14  0.80000000003819  0.19999999996179  
 0.0178125   300.00000012498  8.9080276261986e-14  0.80000000003819  0.19999999996179  
 0.018125   300.00000012498  8.9080276261986e-14  0.80000000003819  0.19999999996179  
 0.0184375   300.00000012498  8.9080276261986e-14  0.80000000003819  0.19999999996179  
 0.01875   300.00000012498  8.9080276261986e-14  0.80000000003819  0.19999999996179  
 0.0190625   300.00000012498  8.9080276261986e-14  0.80000000003819  0.19999999996179  
 0.019375   300.00000012498  8.9080276261986e-14  0.80000000003819  0.19999999996179  
 0.0196875   300.00000012498  8.9080276261986e-14  0.80000000003819  0.19999999996179  
 0.02   300  0  0.8  0.2  
