# TIME: 0.0032600000000001
#  x     Variables:...

 0   1000  0  0.8  0.2  
 0.0003125   1188.0776634122  0.0079160396993856  0.9914331114093  0.00065223322661762  
 0.000625   1172.8320429833  0.0038837158613346  0.99604119328353  7.5144514833419e-05  
 0.0009375   1124.4021268003  0.0019349998673141  0.99800145913778  6.3568650176581e-05  
 0.00125   1057.3184968006  0.00092467736382209  0.99900916826661  6.6173318303964e-05  
 0.0015625   983.40735195609  0.00047155796103697  0.99944148817921  8.6967775059902e-05  
 0.001875   908.00939860398  0.00049221388031297  0.9992700229909  0.00023776256332797  
 0.0021875   721.29277232943  8.7654285333935e-05  0.91381334468448  0.086098972612361  
 0.0025   476.49288566736  5.1032189464431e-07  0.83716992619761  0.16282956345144  
 0.0028125   362.46884302977  2.6948303669294e-09  0.81093331190162  0.18906668540347  
 0.003125   319.92319386681  1.087680849432e-11  0.80295775425502  0.19704224573412  
 0.0034375   305.89431138852  2.2940447014323e-13  0.80074357636818  0.19925642363161  
 0.00375   301.63564321632  1.1180673615785e-13  0.80017441228455  0.19982558771536  
 0.0040625   300.42800779417  9.4537104026248e-14  0.80003827937886  0.19996172062107  
 0.004375   300.10601113116  9.0403341649772e-14  0.80000788496321  0.19999211503673  
 0.0046875   300.02493116501  8.938986635727e-14  0.8000015290412  0.19999847095874  
 0.005   300.0055821704  8.9149529049923e-14  0.80000027999138  0.19999972000857  
 0.0053125   300.00119284659  8.9095073856257e-14  0.80000004857676  0.19999995142319  
 0.005625   300.00024385211  8.908330065835e-14  0.80000000803446  0.19999999196549  
 0.0059375   300.0000478608  8.908086872138e-14  0.80000000129956  0.1999999987004  
 0.00625   300.00000912013  8.9080387915902e-14  0.80000000023599  0.19999999976397  
 0.0065625   300.00000177845  8.9080296784415e-14  0.80000000007595  0.19999999992402  
 0.006875   300.00000044255  8.908028020004e-14  0.80000000005296  0.19999999994701  
 0.0071875   300.00000020884  8.9080277298386e-14  0.80000000004981  0.19999999995017  
 0.0075   300.00000016948  8.9080276809691e-14  0.8000000000494  0.19999999995059  
 0.0078125   300.00000016309  8.9080276730371e-14  0.80000000004936  0.19999999995064  
 0.008125   300.00000016209  8.908027671795e-14  0.80000000004936  0.19999999995064  
 0.0084375   300.00000016194  8.9080276716072e-14  0.80000000004936  0.19999999995064  
 0.00875   300.00000016191  8.9080276715775e-14  0.80000000004936  0.19999999995064  
 0.0090625   300.00000016191  8.908027671577e-14  0.80000000004936  0.19999999995064  
 0.009375   300.00000016191  8.908027671577e-14  0.80000000004936  0.19999999995064  
 0.0096875   300.00000016191  8.908027671577e-14  0.80000000004936  0.19999999995064  
 0.01   300.00000016191  8.908027671577e-14  0.80000000004936  0.19999999995064  
 0.0103125   300.00000016191  8.908027671577e-14  0.80000000004936  0.19999999995064  
 0.010625   300.00000016191  8.908027671577e-14  0.80000000004936  0.19999999995064  
 0.0109375   300.00000016191  8.908027671577e-14  0.80000000004936  0.19999999995064  
 0.01125   300.00000016191  8.908027671577e-14  0.80000000004936  0.19999999995064  
 0.0115625   300.00000016191  8.908027671577e-14  0.80000000004936  0.19999999995064  
 0.011875   300.00000016191  8.908027671577e-14  0.80000000004936  0.19999999995064  
 0.0121875   300.00000016191  8.908027671577e-14  0.80000000004936  0.19999999995064  
 0.0125   300.00000016191  8.908027671577e-14  0.80000000004936  0.19999999995064  
 0.0128125   300.00000016191  8.908027671577e-14  0.80000000004936  0.19999999995064  
 0.013125   300.00000016191  8.908027671577e-14  0.80000000004936  0.19999999995064  
 0.0134375   300.00000016191  8.908027671577e-14  0.80000000004936  0.19999999995064  
 0.01375   300.00000016191  8.908027671577e-14  0.80000000004936  0.19999999995064  
 0.0140625   300.00000016191  8.908027671577e-14  0.80000000004936  0.19999999995064  
 0.014375   300.00000016191  8.908027671577e-14  0.80000000004936  0.19999999995064  
 0.0146875   300.00000016191  8.908027671577e-14  0.80000000004936  0.19999999995064  
 0.015   300.00000016191  8.908027671577e-14  0.80000000004936  0.19999999995064  
 0.0153125   300.00000016191  8.908027671577e-14  0.80000000004936  0.19999999995064  
 0.015625   300.00000016191  8.908027671577e-14  0.80000000004936  0.19999999995064  
 0.0159375   300.00000016191  8.908027671577e-14  0.80000000004936  0.19999999995064  
 0.01625   300.00000016191  8.908027671577e-14  0.80000000004936  0.19999999995064  
 0.0165625   300.00000016191  8.908027671577e-14  0.80000000004936  0.19999999995064  
 0.016875   300.00000016191  8.908027671577e-14  0.80000000004936  0.19999999995064  
 0.0171875   300.00000016191  8.908027671577e-14  0.80000000004936  0.19999999995064  
 0.0175   300.00000016191  8.908027671577e-14  0.80000000004936  0.19999999995064  
 0.0178125   300.00000016191  8.908027671577e-14  0.80000000004936  0.19999999995064  
 0.018125   300.00000016191  8.908027671577e-14  0.80000000004936  0.19999999995064  
 0.0184375   300.00000016191  8.908027671577e-14  0.80000000004936  0.19999999995064  
 0.01875   300.00000016191  8.908027671577e-14  0.80000000004936  0.19999999995064  
 0.0190625   300.00000016191  8.908027671577e-14  0.80000000004936  0.19999999995064  
 0.019375   300.00000016191  8.908027671577e-14  0.80000000004936  0.19999999995064  
 0.0196875   300.00000016191  8.908027671577e-14  0.80000000004936  0.19999999995064  
 0.02   300  0  0.8  0.2  
