# TIME: 0.0013
#  x     Variables:...

 0   1000  0  0.8  0.2  
 0.0003125   1136.3580164378  0.0059713062756508  0.99311196842197  0.00091712605181713  
 0.000625   1027.876286755  0.0024507244693737  0.9973563646446  0.00019294756811376  
 0.0009375   733.89902863841  0.00011523720532354  0.89057986601628  0.10930484637494  
 0.00125   430.12609857794  5.8843550118735e-07  0.8182560714372  0.18174334010284  
 0.0015625   331.04098461657  2.3508457647382e-09  0.80295685972199  0.1970431379271  
 0.001875   306.50606594891  7.2225349029043e-12  0.8003983800086  0.19960161998418  
 0.0021875   301.24882670544  1.2536832597961e-13  0.80004651113119  0.19995348886869  
 0.0025   300.22162578489  9.1927142619731e-14  0.80000483580477  0.19999516419514  
 0.0028125   300.03635816334  8.9532966847319e-14  0.80000045523363  0.19999954476629  
 0.003125   300.00551071868  8.9148722064357e-14  0.80000003922903  0.19999996077089  
 0.0034375   300.00077260523  8.9089867527141e-14  0.80000000313435  0.19999999686558  
 0.00375   300.00010049494  8.908152231869e-14  0.80000000024949  0.19999999975044  
 0.0040625   300.00001221162  8.9080426301627e-14  0.80000000003559  0.19999999996434  
 0.004375   300.00000143612  8.9080292542511e-14  0.80000000002078  0.19999999997915  
 0.0046875   300.00000020933  8.908027731615e-14  0.80000000001982  0.19999999998012  
 0.005   300.00000007855  8.9080275693254e-14  0.80000000001977  0.19999999998018  
 0.0053125   300.00000006545  8.9080275530698e-14  0.80000000001977  0.19999999998018  
 0.005625   300.00000006421  8.9080275515341e-14  0.80000000001977  0.19999999998018  
 0.0059375   300.0000000641  8.9080275513968e-14  0.80000000001977  0.19999999998018  
 0.00625   300.00000006409  8.9080275513855e-14  0.80000000001977  0.19999999998018  
 0.0065625   300.00000006409  8.9080275513854e-14  0.80000000001977  0.19999999998018  
 0.006875   300.00000006409  8.9080275513854e-14  0.80000000001977  0.19999999998018  
 0.0071875   300.00000006409  8.9080275513854e-14  0.80000000001977  0.19999999998018  
 0.0075   300.00000006409  8.9080275513854e-14  0.80000000001977  0.19999999998018  
 0.0078125   300.00000006409  8.9080275513854e-14  0.80000000001977  0.19999999998018  
 0.008125   300.00000006409  8.9080275513854e-14  0.80000000001977  0.19999999998018  
 0.0084375   300.00000006409  8.9080275513854e-14  0.80000000001977  0.19999999998018  
 0.00875   300.00000006409  8.9080275513854e-14  0.80000000001977  0.19999999998018  
 0.0090625   300.00000006409  8.9080275513854e-14  0.80000000001977  0.19999999998018  
 0.009375   300.00000006409  8.9080275513854e-14  0.80000000001977  0.19999999998018  
 0.0096875   300.00000006409  8.9080275513854e-14  0.80000000001977  0.19999999998018  
 0.01   300.00000006409  8.9080275513854e-14  0.80000000001977  0.19999999998018  
 0.0103125   300.00000006409  8.9080275513854e-14  0.80000000001977  0.19999999998018  
 0.010625   300.00000006409  8.9080275513854e-14  0.80000000001977  0.19999999998018  
 0.0109375   300.00000006409  8.9080275513854e-14  0.80000000001977  0.19999999998018  
 0.01125   300.00000006409  8.9080275513854e-14  0.80000000001977  0.19999999998018  
 0.0115625   300.00000006409  8.9080275513854e-14  0.80000000001977  0.19999999998018  
 0.011875   300.00000006409  8.9080275513854e-14  0.80000000001977  0.19999999998018  
 0.0121875   300.00000006409  8.9080275513854e-14  0.80000000001977  0.19999999998018  
 0.0125   300.00000006409  8.9080275513854e-14  0.80000000001977  0.19999999998018  
 0.0128125   300.00000006409  8.9080275513854e-14  0.80000000001977  0.19999999998018  
 0.013125   300.00000006409  8.9080275513854e-14  0.80000000001977  0.19999999998018  
 0.0134375   300.00000006409  8.9080275513854e-14  0.80000000001977  0.19999999998018  
 0.01375   300.00000006409  8.9080275513854e-14  0.80000000001977  0.19999999998018  
 0.0140625   300.00000006409  8.9080275513854e-14  0.80000000001977  0.19999999998018  
 0.014375   300.00000006409  8.9080275513854e-14  0.80000000001977  0.19999999998018  
 0.0146875   300.00000006409  8.9080275513854e-14  0.80000000001977  0.19999999998018  
 0.015   300.00000006409  8.9080275513854e-14  0.80000000001977  0.19999999998018  
 0.0153125   300.00000006409  8.9080275513854e-14  0.80000000001977  0.19999999998018  
 0.015625   300.00000006409  8.9080275513854e-14  0.80000000001977  0.19999999998018  
 0.0159375   300.00000006409  8.9080275513854e-14  0.80000000001977  0.19999999998018  
 0.01625   300.00000006409  8.9080275513854e-14  0.80000000001977  0.19999999998018  
 0.0165625   300.00000006409  8.9080275513854e-14  0.80000000001977  0.19999999998018  
 0.016875   300.00000006409  8.9080275513854e-14  0.80000000001977  0.19999999998018  
 0.0171875   300.00000006409  8.9080275513854e-14  0.80000000001977  0.19999999998018  
 0.0175   300.00000006409  8.9080275513854e-14  0.80000000001977  0.19999999998018  
 0.0178125   300.00000006409  8.9080275513854e-14  0.80000000001977  0.19999999998018  
 0.018125   300.00000006409  8.9080275513854e-14  0.80000000001977  0.19999999998018  
 0.0184375   300.00000006409  8.9080275513854e-14  0.80000000001977  0.19999999998018  
 0.01875   300.00000006409  8.9080275513854e-14  0.80000000001977  0.19999999998018  
 0.0190625   300.00000006409  8.9080275513854e-14  0.80000000001977  0.19999999998018  
 0.019375   300.00000006409  8.9080275513854e-14  0.80000000001977  0.19999999998018  
 0.0196875   300.00000006409  8.9080275513854e-14  0.80000000001977  0.19999999998018  
 0.02   300  0  0.8  0.2  
