# TIME: 0.00274
#  x     Variables:...

 0   1000  0  0.8  0.2  
 0.0003125   1180.6831766685  0.0076234893271909  0.99169454152975  0.00068308174686789  
 0.000625   1152.7669835939  0.0035417445569876  0.99637564547385  8.266307170619e-05  
 0.0009375   1089.9266279018  0.0016139334974055  0.99831035471645  7.5739403931993e-05  
 0.00125   1011.1165219161  0.00074020813622558  0.99916846562192  9.1345154582234e-05  
 0.0015625   925.33307216136  0.00061623332843211  0.99916124498527  0.00022252303437578  
 0.001875   719.91925552693  8.6139190589414e-05  0.90941903433778  0.090494793889579  
 0.0021875   466.95012532532  4.7719032420704e-07  0.83354330739874  0.16645621538462  
 0.0025   355.21666111586  2.3878930728008e-09  0.80908891472425  0.19091108288779  
 0.0028125   316.31199057739  8.976411317968e-12  0.8022322977734  0.19776770221763  
 0.003125   304.44526184811  1.8864529615241e-13  0.80050401764814  0.19949598235168  
 0.0034375   301.13143076661  1.0428775160125e-13  0.80010524994583  0.19989475005408  
 0.00375   300.27061927875  9.2495845043897e-14  0.80002041184502  0.19997958815491  
 0.0040625   300.06108842603  8.9840734461149e-14  0.80000369135333  0.19999630864661  
 0.004375   300.01305983884  8.9242388821631e-14  0.80000062498877  0.19999937501117  
 0.0046875   300.00265183009  8.9113180232704e-14  0.80000009946436  0.19999990053558  
 0.005   300.00051270279  8.9086637396135e-14  0.80000001495546  0.19999998504448  
 0.0053125   300.00009464382  8.9081449447011e-14  0.8000000021575  0.19999999784245  
 0.005625   300.00001678555  8.908048308309e-14  0.80000000032625  0.19999999967371  
 0.0059375   300.00000294266  8.9080311242203e-14  0.80000000007792  0.19999999992204  
 0.00625   300.0000005893  8.9080282025407e-14  0.80000000004593  0.19999999995404  
 0.0065625   300.00000020621  8.9080277269064e-14  0.800000000042  0.19999999995797  
 0.006875   300.00000014642  8.9080276526695e-14  0.80000000004155  0.19999999995842  
 0.0071875   300.00000013746  8.9080276415462e-14  0.80000000004151  0.19999999995847  
 0.0075   300.00000013617  8.9080276399438e-14  0.80000000004151  0.19999999995848  
 0.0078125   300.00000013599  8.9080276397216e-14  0.80000000004151  0.19999999995848  
 0.008125   300.00000013596  8.9080276396903e-14  0.80000000004151  0.19999999995848  
 0.0084375   300.00000013596  8.9080276396895e-14  0.80000000004151  0.19999999995848  
 0.00875   300.00000013596  8.9080276396895e-14  0.80000000004151  0.19999999995848  
 0.0090625   300.00000013596  8.9080276396895e-14  0.80000000004151  0.19999999995848  
 0.009375   300.00000013596  8.9080276396895e-14  0.80000000004151  0.19999999995848  
 0.0096875   300.00000013596  8.9080276396895e-14  0.80000000004151  0.19999999995848  
 0.01   300.00000013596  8.9080276396895e-14  0.80000000004151  0.19999999995848  
 0.0103125   300.00000013596  8.9080276396895e-14  0.80000000004151  0.19999999995848  
 0.010625   300.00000013596  8.9080276396895e-14  0.80000000004151  0.19999999995848  
 0.0109375   300.00000013596  8.9080276396895e-14  0.80000000004151  0.19999999995848  
 0.01125   300.00000013596  8.9080276396895e-14  0.80000000004151  0.19999999995848  
 0.0115625   300.00000013596  8.9080276396895e-14  0.80000000004151  0.19999999995848  
 0.011875   300.00000013596  8.9080276396895e-14  0.80000000004151  0.19999999995848  
 0.0121875   300.00000013596  8.9080276396895e-14  0.80000000004151  0.19999999995848  
 0.0125   300.00000013596  8.9080276396895e-14  0.80000000004151  0.19999999995848  
 0.0128125   300.00000013596  8.9080276396895e-14  0.80000000004151  0.19999999995848  
 0.013125   300.00000013596  8.9080276396895e-14  0.80000000004151  0.19999999995848  
 0.0134375   300.00000013596  8.9080276396895e-14  0.80000000004151  0.19999999995848  
 0.01375   300.00000013596  8.9080276396895e-14  0.80000000004151  0.19999999995848  
 0.0140625   300.00000013596  8.9080276396895e-14  0.80000000004151  0.19999999995848  
 0.014375   300.00000013596  8.9080276396895e-14  0.80000000004151  0.19999999995848  
 0.0146875   300.00000013596  8.9080276396895e-14  0.80000000004151  0.19999999995848  
 0.015   300.00000013596  8.9080276396895e-14  0.80000000004151  0.19999999995848  
 0.0153125   300.00000013596  8.9080276396895e-14  0.80000000004151  0.19999999995848  
 0.015625   300.00000013596  8.9080276396895e-14  0.80000000004151  0.19999999995848  
 0.0159375   300.00000013596  8.9080276396895e-14  0.80000000004151  0.19999999995848  
 0.01625   300.00000013596  8.9080276396895e-14  0.80000000004151  0.19999999995848  
 0.0165625   300.00000013596  8.9080276396895e-14  0.80000000004151  0.19999999995848  
 0.016875   300.00000013596  8.9080276396895e-14  0.80000000004151  0.19999999995848  
 0.0171875   300.00000013596  8.9080276396895e-14  0.80000000004151  0.19999999995848  
 0.0175   300.00000013596  8.9080276396895e-14  0.80000000004151  0.19999999995848  
 0.0178125   300.00000013596  8.9080276396895e-14  0.80000000004151  0.19999999995848  
 0.018125   300.00000013596  8.9080276396895e-14  0.80000000004151  0.19999999995848  
 0.0184375   300.00000013596  8.9080276396895e-14  0.80000000004151  0.19999999995848  
 0.01875   300.00000013596  8.9080276396895e-14  0.80000000004151  0.19999999995848  
 0.0190625   300.00000013596  8.9080276396895e-14  0.80000000004151  0.19999999995848  
 0.019375   300.00000013596  8.9080276396895e-14  0.80000000004151  0.19999999995848  
 0.0196875   300.00000013596  8.9080276396895e-14  0.80000000004151  0.19999999995848  
 0.02   300  0  0.8  0.2  
