# TIME: 0.00114
#  x     Variables:...

 0   1000  0  0.8  0.2  
 0.0003125   1127.5033827986  0.0056103995937126  0.99341079554874  0.0009791330852404  
 0.000625   1027.3826149727  0.0027890007922999  0.99700259184469  0.00020840433623831  
 0.0009375   603.32067904466  1.5720349974728e-05  0.85243927432957  0.14754497932525  
 0.00125   374.64018404884  8.4746802817476e-08  0.80809939468434  0.191900520564  
 0.0015625   315.58357102352  2.9434123480326e-10  0.80099530110976  0.19900469859589  
 0.001875   302.99120803844  9.8913575852744e-13  0.80010586844562  0.19989413155339  
 0.0021875   300.52947002386  9.8297543426727e-14  0.80001003236483  0.19998996763508  
 0.0025   300.0858581464  9.0159500215284e-14  0.80000085566785  0.19999914433207  
 0.0028125   300.01272720653  8.9238463075044e-14  0.80000006620037  0.19999993379955  
 0.003125   300.00172769772  8.9101727495873e-14  0.80000000470164  0.19999999529828  
 0.0034375   300.00021562597  8.9082951505254e-14  0.8000000003238  0.19999999967613  
 0.00375   300.00002489472  8.9080583711276e-14  0.80000000003606  0.19999999996387  
 0.0040625   300.00000271155  8.9080308369283e-14  0.80000000001842  0.19999999998151  
 0.004375   300.00000032072  8.9080278698943e-14  0.8000000000174  0.19999999998253  
 0.0046875   300.00000008079  8.9080275721947e-14  0.80000000001735  0.19999999998259  
 0.005   300.00000005827  8.9080275442576e-14  0.80000000001735  0.19999999998259  
 0.0053125   300.00000005629  8.9080275417947e-14  0.80000000001735  0.19999999998259  
 0.005625   300.00000005612  8.90802754159e-14  0.80000000001735  0.19999999998259  
 0.0059375   300.00000005611  8.9080275415739e-14  0.80000000001735  0.19999999998259  
 0.00625   300.00000005611  8.9080275415739e-14  0.80000000001735  0.19999999998259  
 0.0065625   300.00000005611  8.9080275415739e-14  0.80000000001735  0.19999999998259  
 0.006875   300.00000005611  8.9080275415739e-14  0.80000000001735  0.19999999998259  
 0.0071875   300.00000005611  8.9080275415739e-14  0.80000000001735  0.19999999998259  
 0.0075   300.00000005611  8.9080275415739e-14  0.80000000001735  0.19999999998259  
 0.0078125   300.00000005611  8.9080275415739e-14  0.80000000001735  0.19999999998259  
 0.008125   300.00000005611  8.9080275415739e-14  0.80000000001735  0.19999999998259  
 0.0084375   300.00000005611  8.9080275415739e-14  0.80000000001735  0.19999999998259  
 0.00875   300.00000005611  8.9080275415739e-14  0.80000000001735  0.19999999998259  
 0.0090625   300.00000005611  8.9080275415739e-14  0.80000000001735  0.19999999998259  
 0.009375   300.00000005611  8.9080275415739e-14  0.80000000001735  0.19999999998259  
 0.0096875   300.00000005611  8.9080275415739e-14  0.80000000001735  0.19999999998259  
 0.01   300.00000005611  8.9080275415739e-14  0.80000000001735  0.19999999998259  
 0.0103125   300.00000005611  8.9080275415739e-14  0.80000000001735  0.19999999998259  
 0.010625   300.00000005611  8.9080275415739e-14  0.80000000001735  0.19999999998259  
 0.0109375   300.00000005611  8.9080275415739e-14  0.80000000001735  0.19999999998259  
 0.01125   300.00000005611  8.9080275415739e-14  0.80000000001735  0.19999999998259  
 0.0115625   300.00000005611  8.9080275415739e-14  0.80000000001735  0.19999999998259  
 0.011875   300.00000005611  8.9080275415739e-14  0.80000000001735  0.19999999998259  
 0.0121875   300.00000005611  8.9080275415739e-14  0.80000000001735  0.19999999998259  
 0.0125   300.00000005611  8.9080275415739e-14  0.80000000001735  0.19999999998259  
 0.0128125   300.00000005611  8.9080275415739e-14  0.80000000001735  0.19999999998259  
 0.013125   300.00000005611  8.9080275415739e-14  0.80000000001735  0.19999999998259  
 0.0134375   300.00000005611  8.9080275415739e-14  0.80000000001735  0.19999999998259  
 0.01375   300.00000005611  8.9080275415739e-14  0.80000000001735  0.19999999998259  
 0.0140625   300.00000005611  8.9080275415739e-14  0.80000000001735  0.19999999998259  
 0.014375   300.00000005611  8.9080275415739e-14  0.80000000001735  0.19999999998259  
 0.0146875   300.00000005611  8.9080275415739e-14  0.80000000001735  0.19999999998259  
 0.015   300.00000005611  8.9080275415739e-14  0.80000000001735  0.19999999998259  
 0.0153125   300.00000005611  8.9080275415739e-14  0.80000000001735  0.19999999998259  
 0.015625   300.00000005611  8.9080275415739e-14  0.80000000001735  0.19999999998259  
 0.0159375   300.00000005611  8.9080275415739e-14  0.80000000001735  0.19999999998259  
 0.01625   300.00000005611  8.9080275415739e-14  0.80000000001735  0.19999999998259  
 0.0165625   300.00000005611  8.9080275415739e-14  0.80000000001735  0.19999999998259  
 0.016875   300.00000005611  8.9080275415739e-14  0.80000000001735  0.19999999998259  
 0.0171875   300.00000005611  8.9080275415739e-14  0.80000000001735  0.19999999998259  
 0.0175   300.00000005611  8.9080275415739e-14  0.80000000001735  0.19999999998259  
 0.0178125   300.00000005611  8.9080275415739e-14  0.80000000001735  0.19999999998259  
 0.018125   300.00000005611  8.9080275415739e-14  0.80000000001735  0.19999999998259  
 0.0184375   300.00000005611  8.9080275415739e-14  0.80000000001735  0.19999999998259  
 0.01875   300.00000005611  8.9080275415739e-14  0.80000000001735  0.19999999998259  
 0.0190625   300.00000005611  8.9080275415739e-14  0.80000000001735  0.19999999998259  
 0.019375   300.00000005611  8.9080275415739e-14  0.80000000001735  0.19999999998259  
 0.0196875   300.00000005611  8.9080275415739e-14  0.80000000001735  0.19999999998259  
 0.02   300  0  0.8  0.2  
