# TIME: 0.00154
#  x     Variables:...

 0   1000  0  0.8  0.2  
 0.0003125   1147.0535228979  0.0063547324285048  0.9927938631996  0.00085191721660056  
 0.000625   1065.7380399818  0.0024278927212755  0.99743586486157  0.00013629422263229  
 0.0009375   981.59525605852  0.0018112181359261  0.99795089520551  0.00023785573337366  
 0.00125   582.56950210223  1.0260327867535e-05  0.85519790980873  0.14479181367616  
 0.0015625   376.55474657068  5.6590015789188e-08  0.8106237954454  0.18937614796164  
 0.001875   318.01992692849  2.0464506416997e-10  0.80178292203193  0.19821707776342  
 0.0021875   303.88564509114  7.5703719828317e-13  0.80026741504287  0.19973258495638  
 0.0025   300.77529014482  1.0094197307273e-13  0.80003590423579  0.19996409576412  
 0.0028125   300.14375542677  9.088688459611e-14  0.80000434334408  0.19999565665584  
 0.003125   300.02483089889  8.9389041493714e-14  0.80000047799251  0.19999952200741  
 0.0034375   300.00400110358  8.9129961081079e-14  0.80000004832491  0.19999995167502  
 0.00375   300.00060226188  8.9087752362197e-14  0.80000000454158  0.19999999545835  
 0.0040625   300.0000848775  8.9081328500965e-14  0.80000000041715  0.19999999958278  
 0.004375   300.00001127357  8.908041467333e-14  0.80000000005552  0.19999999994441  
 0.0046875   300.00000146588  8.908029291343e-14  0.80000000002585  0.19999999997409  
 0.005   300.00000023864  8.9080277678908e-14  0.80000000002356  0.19999999997639  
 0.0053125   300.00000009404  8.9080275884044e-14  0.8000000000234  0.19999999997655  
 0.005625   300.00000007795  8.9080275684369e-14  0.80000000002339  0.19999999997656  
 0.0059375   300.00000007626  8.9080275663337e-14  0.80000000002339  0.19999999997656  
 0.00625   300.00000007609  8.9080275661233e-14  0.80000000002339  0.19999999997656  
 0.0065625   300.00000007607  8.9080275661029e-14  0.80000000002339  0.19999999997656  
 0.006875   300.00000007607  8.9080275661028e-14  0.80000000002339  0.19999999997656  
 0.0071875   300.00000007607  8.9080275661028e-14  0.80000000002339  0.19999999997656  
 0.0075   300.00000007607  8.9080275661028e-14  0.80000000002339  0.19999999997656  
 0.0078125   300.00000007607  8.9080275661028e-14  0.80000000002339  0.19999999997656  
 0.008125   300.00000007607  8.9080275661028e-14  0.80000000002339  0.19999999997656  
 0.0084375   300.00000007607  8.9080275661028e-14  0.80000000002339  0.19999999997656  
 0.00875   300.00000007607  8.9080275661028e-14  0.80000000002339  0.19999999997656  
 0.0090625   300.00000007607  8.9080275661028e-14  0.80000000002339  0.19999999997656  
 0.009375   300.00000007607  8.9080275661028e-14  0.80000000002339  0.19999999997656  
 0.0096875   300.00000007607  8.9080275661028e-14  0.80000000002339  0.19999999997656  
 0.01   300.00000007607  8.9080275661028e-14  0.80000000002339  0.19999999997656  
 0.0103125   300.00000007607  8.9080275661028e-14  0.80000000002339  0.19999999997656  
 0.010625   300.00000007607  8.9080275661028e-14  0.80000000002339  0.19999999997656  
 0.0109375   300.00000007607  8.9080275661028e-14  0.80000000002339  0.19999999997656  
 0.01125   300.00000007607  8.9080275661028e-14  0.80000000002339  0.19999999997656  
 0.0115625   300.00000007607  8.9080275661028e-14  0.80000000002339  0.19999999997656  
 0.011875   300.00000007607  8.9080275661028e-14  0.80000000002339  0.19999999997656  
 0.0121875   300.00000007607  8.9080275661028e-14  0.80000000002339  0.19999999997656  
 0.0125   300.00000007607  8.9080275661028e-14  0.80000000002339  0.19999999997656  
 0.0128125   300.00000007607  8.9080275661028e-14  0.80000000002339  0.19999999997656  
 0.013125   300.00000007607  8.9080275661028e-14  0.80000000002339  0.19999999997656  
 0.0134375   300.00000007607  8.9080275661028e-14  0.80000000002339  0.19999999997656  
 0.01375   300.00000007607  8.9080275661028e-14  0.80000000002339  0.19999999997656  
 0.0140625   300.00000007607  8.9080275661028e-14  0.80000000002339  0.19999999997656  
 0.014375   300.00000007607  8.9080275661028e-14  0.80000000002339  0.19999999997656  
 0.0146875   300.00000007607  8.9080275661028e-14  0.80000000002339  0.19999999997656  
 0.015   300.00000007607  8.9080275661028e-14  0.80000000002339  0.19999999997656  
 0.0153125   300.00000007607  8.9080275661028e-14  0.80000000002339  0.19999999997656  
 0.015625   300.00000007607  8.9080275661028e-14  0.80000000002339  0.19999999997656  
 0.0159375   300.00000007607  8.9080275661028e-14  0.80000000002339  0.19999999997656  
 0.01625   300.00000007607  8.9080275661028e-14  0.80000000002339  0.19999999997656  
 0.0165625   300.00000007607  8.9080275661028e-14  0.80000000002339  0.19999999997656  
 0.016875   300.00000007607  8.9080275661028e-14  0.80000000002339  0.19999999997656  
 0.0171875   300.00000007607  8.9080275661028e-14  0.80000000002339  0.19999999997656  
 0.0175   300.00000007607  8.9080275661028e-14  0.80000000002339  0.19999999997656  
 0.0178125   300.00000007607  8.9080275661028e-14  0.80000000002339  0.19999999997656  
 0.018125   300.00000007607  8.9080275661028e-14  0.80000000002339  0.19999999997656  
 0.0184375   300.00000007607  8.9080275661028e-14  0.80000000002339  0.19999999997656  
 0.01875   300.00000007607  8.9080275661028e-14  0.80000000002339  0.19999999997656  
 0.0190625   300.00000007607  8.9080275661028e-14  0.80000000002339  0.19999999997656  
 0.019375   300.00000007607  8.9080275661028e-14  0.80000000002339  0.19999999997656  
 0.0196875   300.00000007607  8.9080275661028e-14  0.80000000002339  0.19999999997656  
 0.02   300  0  0.8  0.2  
