# TIME: 0.00156
#  x     Variables:...

 0   1000  0  0.8  0.2  
 0.0003125   1147.9790655913  0.0063856193246793  0.99276825925382  0.00084664376322496  
 0.000625   1068.619297839  0.0024427779857471  0.99742409272353  0.00013318110700495  
 0.0009375   980.37894806561  0.0017366941913622  0.99802883375081  0.0002344459130568  
 0.00125   595.33241228867  1.1482675775153e-05  0.85868144991985  0.14130704847892  
 0.0015625   381.96285850918  6.3607796813397e-08  0.81165144863154  0.18834848775725  
 0.001875   319.50318843356  2.3299187118095e-10  0.80199053178044  0.19800946798656  
 0.0021875   304.24161357396  8.4881599605016e-13  0.80030335421398  0.19969664578517  
 0.0025   300.85384313986  1.0226322444671e-13  0.80004144170483  0.19995855829507  
 0.0028125   300.15979108482  9.1090616588539e-14  0.80000510539675  0.19999489460317  
 0.003125   300.02786881224  8.9426878139478e-14  0.80000057225818  0.19999942774174  
 0.0034375   300.00453653561  8.9136611204103e-14  0.80000005890943  0.1999999410905  
 0.00375   300.00069019652  8.9088844157779e-14  0.80000000563119  0.19999999436874  
 0.0040625   300.0000983537  8.908149581947e-14  0.80000000052108  0.19999999947885  
 0.004375   300.00001320476  8.9080438650189e-14  0.800000000065  0.19999999993494  
 0.0046875   300.00000172588  8.9080296141209e-14  0.80000000002691  0.19999999997303  
 0.005   300.00000027228  8.9080278096361e-14  0.80000000002392  0.19999999997603  
 0.0053125   300.00000009891  8.908027594439e-14  0.8000000000237  0.19999999997625  
 0.005625   300.00000007939  8.9080275702021e-14  0.80000000002369  0.19999999997626  
 0.0059375   300.0000000773  8.9080275676174e-14  0.80000000002369  0.19999999997626  
 0.00625   300.00000007709  8.9080275673555e-14  0.80000000002369  0.19999999997626  
 0.0065625   300.00000007707  8.9080275673294e-14  0.80000000002369  0.19999999997626  
 0.006875   300.00000007707  8.9080275673293e-14  0.80000000002369  0.19999999997626  
 0.0071875   300.00000007707  8.9080275673293e-14  0.80000000002369  0.19999999997626  
 0.0075   300.00000007707  8.9080275673293e-14  0.80000000002369  0.19999999997626  
 0.0078125   300.00000007707  8.9080275673293e-14  0.80000000002369  0.19999999997626  
 0.008125   300.00000007707  8.9080275673293e-14  0.80000000002369  0.19999999997626  
 0.0084375   300.00000007707  8.9080275673293e-14  0.80000000002369  0.19999999997626  
 0.00875   300.00000007707  8.9080275673293e-14  0.80000000002369  0.19999999997626  
 0.0090625   300.00000007707  8.9080275673293e-14  0.80000000002369  0.19999999997626  
 0.009375   300.00000007707  8.9080275673293e-14  0.80000000002369  0.19999999997626  
 0.0096875   300.00000007707  8.9080275673293e-14  0.80000000002369  0.19999999997626  
 0.01   300.00000007707  8.9080275673293e-14  0.80000000002369  0.19999999997626  
 0.0103125   300.00000007707  8.9080275673293e-14  0.80000000002369  0.19999999997626  
 0.010625   300.00000007707  8.9080275673293e-14  0.80000000002369  0.19999999997626  
 0.0109375   300.00000007707  8.9080275673293e-14  0.80000000002369  0.19999999997626  
 0.01125   300.00000007707  8.9080275673293e-14  0.80000000002369  0.19999999997626  
 0.0115625   300.00000007707  8.9080275673293e-14  0.80000000002369  0.19999999997626  
 0.011875   300.00000007707  8.9080275673293e-14  0.80000000002369  0.19999999997626  
 0.0121875   300.00000007707  8.9080275673293e-14  0.80000000002369  0.19999999997626  
 0.0125   300.00000007707  8.9080275673293e-14  0.80000000002369  0.19999999997626  
 0.0128125   300.00000007707  8.9080275673293e-14  0.80000000002369  0.19999999997626  
 0.013125   300.00000007707  8.9080275673293e-14  0.80000000002369  0.19999999997626  
 0.0134375   300.00000007707  8.9080275673293e-14  0.80000000002369  0.19999999997626  
 0.01375   300.00000007707  8.9080275673293e-14  0.80000000002369  0.19999999997626  
 0.0140625   300.00000007707  8.9080275673293e-14  0.80000000002369  0.19999999997626  
 0.014375   300.00000007707  8.9080275673293e-14  0.80000000002369  0.19999999997626  
 0.0146875   300.00000007707  8.9080275673293e-14  0.80000000002369  0.19999999997626  
 0.015   300.00000007707  8.9080275673293e-14  0.80000000002369  0.19999999997626  
 0.0153125   300.00000007707  8.9080275673293e-14  0.80000000002369  0.19999999997626  
 0.015625   300.00000007707  8.9080275673293e-14  0.80000000002369  0.19999999997626  
 0.0159375   300.00000007707  8.9080275673293e-14  0.80000000002369  0.19999999997626  
 0.01625   300.00000007707  8.9080275673293e-14  0.80000000002369  0.19999999997626  
 0.0165625   300.00000007707  8.9080275673293e-14  0.80000000002369  0.19999999997626  
 0.016875   300.00000007707  8.9080275673293e-14  0.80000000002369  0.19999999997626  
 0.0171875   300.00000007707  8.9080275673293e-14  0.80000000002369  0.19999999997626  
 0.0175   300.00000007707  8.9080275673293e-14  0.80000000002369  0.19999999997626  
 0.0178125   300.00000007707  8.9080275673293e-14  0.80000000002369  0.19999999997626  
 0.018125   300.00000007707  8.9080275673293e-14  0.80000000002369  0.19999999997626  
 0.0184375   300.00000007707  8.9080275673293e-14  0.80000000002369  0.19999999997626  
 0.01875   300.00000007707  8.9080275673293e-14  0.80000000002369  0.19999999997626  
 0.0190625   300.00000007707  8.9080275673293e-14  0.80000000002369  0.19999999997626  
 0.019375   300.00000007707  8.9080275673293e-14  0.80000000002369  0.19999999997626  
 0.0196875   300.00000007707  8.9080275673293e-14  0.80000000002369  0.19999999997626  
 0.02   300  0  0.8  0.2  
