# TIME: 0.00052000000000001
#  x     Variables:...

 0   1000  0  0.8  0.2  
 0.0003125   682.58556914652  4.4360528857905e-05  0.80831702187128  0.19163861762399  
 0.000625   408.4085720008  2.2488927237545e-07  0.80047584790373  0.19952392720105  
 0.0009375   321.51053866897  8.1280634162556e-10  0.80002521826088  0.1999747809263  
 0.00125   303.27758982309  2.4531665663074e-12  0.80000123815811  0.19999876183944  
 0.0015625   300.4064079385  1.0059757127405e-13  0.80000005629838  0.19999994370152  
 0.001875   300.04249326778  8.9626562987978e-14  0.80000000238598  0.19999999761393  
 0.0021875   300.00384007851  8.912797098448e-14  0.80000000010176  0.19999999989816  
 0.0025   300.00030555325  8.908406359196e-14  0.80000000001145  0.19999999998847  
 0.0028125   300.00002173926  8.9080544165142e-14  0.80000000000811  0.19999999999181  
 0.003125   300.00000141976  8.9080292313366e-14  0.80000000000799  0.19999999999193  
 0.0034375   300.00000010688  8.9080276047488e-14  0.80000000000799  0.19999999999193  
 0.00375   300.00000002957  8.9080275090039e-14  0.80000000000799  0.19999999999193  
 0.0040625   300.00000002538  8.9080275038255e-14  0.80000000000799  0.19999999999193  
 0.004375   300.00000002517  8.9080275035661e-14  0.80000000000799  0.19999999999193  
 0.0046875   300.00000002517  8.9080275035541e-14  0.80000000000799  0.19999999999193  
 0.005   300.00000002517  8.9080275035541e-14  0.80000000000799  0.19999999999193  
 0.0053125   300.00000002517  8.9080275035541e-14  0.80000000000799  0.19999999999193  
 0.005625   300.00000002517  8.9080275035541e-14  0.80000000000799  0.19999999999193  
 0.0059375   300.00000002517  8.9080275035541e-14  0.80000000000799  0.19999999999193  
 0.00625   300.00000002517  8.9080275035541e-14  0.80000000000799  0.19999999999193  
 0.0065625   300.00000002517  8.9080275035541e-14  0.80000000000799  0.19999999999193  
 0.006875   300.00000002517  8.9080275035541e-14  0.80000000000799  0.19999999999193  
 0.0071875   300.00000002517  8.9080275035541e-14  0.80000000000799  0.19999999999193  
 0.0075   300.00000002517  8.9080275035541e-14  0.80000000000799  0.19999999999193  
 0.0078125   300.00000002517  8.9080275035541e-14  0.80000000000799  0.19999999999193  
 0.008125   300.00000002517  8.9080275035541e-14  0.80000000000799  0.19999999999193  
 0.0084375   300.00000002517  8.9080275035541e-14  0.80000000000799  0.19999999999193  
 0.00875   300.00000002517  8.9080275035541e-14  0.80000000000799  0.19999999999193  
 0.0090625   300.00000002517  8.9080275035541e-14  0.80000000000799  0.19999999999193  
 0.009375   300.00000002517  8.9080275035541e-14  0.80000000000799  0.19999999999193  
 0.0096875   300.00000002517  8.9080275035541e-14  0.80000000000799  0.19999999999193  
 0.01   300.00000002517  8.9080275035541e-14  0.80000000000799  0.19999999999193  
 0.0103125   300.00000002517  8.9080275035541e-14  0.80000000000799  0.19999999999193  
 0.010625   300.00000002517  8.9080275035541e-14  0.80000000000799  0.19999999999193  
 0.0109375   300.00000002517  8.9080275035541e-14  0.80000000000799  0.19999999999193  
 0.01125   300.00000002517  8.9080275035541e-14  0.80000000000799  0.19999999999193  
 0.0115625   300.00000002517  8.9080275035541e-14  0.80000000000799  0.19999999999193  
 0.011875   300.00000002517  8.9080275035541e-14  0.80000000000799  0.19999999999193  
 0.0121875   300.00000002517  8.9080275035541e-14  0.80000000000799  0.19999999999193  
 0.0125   300.00000002517  8.9080275035541e-14  0.80000000000799  0.19999999999193  
 0.0128125   300.00000002517  8.9080275035541e-14  0.80000000000799  0.19999999999193  
 0.013125   300.00000002517  8.9080275035541e-14  0.80000000000799  0.19999999999193  
 0.0134375   300.00000002517  8.9080275035541e-14  0.80000000000799  0.19999999999193  
 0.01375   300.00000002517  8.9080275035541e-14  0.80000000000799  0.19999999999193  
 0.0140625   300.00000002517  8.9080275035541e-14  0.80000000000799  0.19999999999193  
 0.014375   300.00000002517  8.9080275035541e-14  0.80000000000799  0.19999999999193  
 0.0146875   300.00000002517  8.9080275035541e-14  0.80000000000799  0.19999999999193  
 0.015   300.00000002517  8.9080275035541e-14  0.80000000000799  0.19999999999193  
 0.0153125   300.00000002517  8.9080275035541e-14  0.80000000000799  0.19999999999193  
 0.015625   300.00000002517  8.9080275035541e-14  0.80000000000799  0.19999999999193  
 0.0159375   300.00000002517  8.9080275035541e-14  0.80000000000799  0.19999999999193  
 0.01625   300.00000002517  8.9080275035541e-14  0.80000000000799  0.19999999999193  
 0.0165625   300.00000002517  8.9080275035541e-14  0.80000000000799  0.19999999999193  
 0.016875   300.00000002517  8.9080275035541e-14  0.80000000000799  0.19999999999193  
 0.0171875   300.00000002517  8.9080275035541e-14  0.80000000000799  0.19999999999193  
 0.0175   300.00000002517  8.9080275035541e-14  0.80000000000799  0.19999999999193  
 0.0178125   300.00000002517  8.9080275035541e-14  0.80000000000799  0.19999999999193  
 0.018125   300.00000002517  8.9080275035541e-14  0.80000000000799  0.19999999999193  
 0.0184375   300.00000002517  8.9080275035541e-14  0.80000000000799  0.19999999999193  
 0.01875   300.00000002517  8.9080275035541e-14  0.80000000000799  0.19999999999193  
 0.0190625   300.00000002517  8.9080275035541e-14  0.80000000000799  0.19999999999193  
 0.019375   300.00000002517  8.9080275035541e-14  0.80000000000799  0.19999999999193  
 0.0196875   300.00000002517  8.9080275035541e-14  0.80000000000799  0.19999999999193  
 0.02   300  0  0.8  0.2  
