# TIME: 0.00242
#  x     Variables:...

 0   1000  0  0.8  0.2  
 0.0003125   1174.6459212072  0.0073866720368162  0.9919044412901  0.00070983479435384  
 0.000625   1136.738839343  0.0032797032739809  0.99663099196021  8.9357522951272e-05  
 0.0009375   1062.7020870704  0.0014103623916711  0.99850086673984  8.8798448669996e-05  
 0.00125   969.49128966951  0.00071678099602978  0.99913478869971  0.00014844924082276  
 0.0015625   934.75156955357  0.0013511452833431  0.99434735642884  0.0043014517884607  
 0.001875   543.91192408251  6.578310098203e-06  0.85205141322126  0.14794200706417  
 0.0021875   378.40606177713  3.6708554577079e-08  0.81320327570518  0.18679668758528  
 0.0025   322.70742118688  1.4090390953842e-10  0.80311547445886  0.19688452540024  
 0.0028125   306.00740202783  6.2821445217533e-13  0.80066968647368  0.1993303135257  
 0.003125   301.47304533484  1.1048376006547e-13  0.80013166632237  0.19986833367753  
 0.0034375   300.33789118041  9.3368729529674e-14  0.80002384438882  0.1999761556111  
 0.00375   300.0729140574  8.998885995079e-14  0.8000040010019  0.19999599899803  
 0.0040625   300.01485896663  8.9264776605451e-14  0.80000062515595  0.19999937484399  
 0.004375   300.0028679789  8.9115868458036e-14  0.80000009138338  0.19999990861656  
 0.0046875   300.00052556224  8.9086797854182e-14  0.80000001257083  0.1999999874291  
 0.005   300.00009167983  8.9081412774987e-14  0.80000000165755  0.19999999834239  
 0.0053125   300.00001531846  8.9080464885656e-14  0.80000000023485  0.1999999997651  
 0.005625   300.0000025268  8.908030608234e-14  0.80000000005963  0.19999999994032  
 0.0059375   300.00000048409  8.9080280721284e-14  0.80000000003919  0.19999999996077  
 0.00625   300.00000017268  8.9080276854834e-14  0.80000000003693  0.19999999996304  
 0.0065625   300.00000012729  8.9080276291329e-14  0.80000000003669  0.19999999996328  
 0.006875   300.00000012096  8.9080276212704e-14  0.80000000003668  0.1999999999633  
 0.0071875   300.00000012011  8.9080276202186e-14  0.80000000003668  0.1999999999633  
 0.0075   300.00000012001  8.9080276200835e-14  0.80000000003668  0.1999999999633  
 0.0078125   300.00000011999  8.9080276200665e-14  0.80000000003668  0.1999999999633  
 0.008125   300.00000011999  8.9080276200664e-14  0.80000000003668  0.1999999999633  
 0.0084375   300.00000011999  8.9080276200664e-14  0.80000000003668  0.1999999999633  
 0.00875   300.00000011999  8.9080276200664e-14  0.80000000003668  0.1999999999633  
 0.0090625   300.00000011999  8.9080276200664e-14  0.80000000003668  0.1999999999633  
 0.009375   300.00000011999  8.9080276200664e-14  0.80000000003668  0.1999999999633  
 0.0096875   300.00000011999  8.9080276200664e-14  0.80000000003668  0.1999999999633  
 0.01   300.00000011999  8.9080276200664e-14  0.80000000003668  0.1999999999633  
 0.0103125   300.00000011999  8.9080276200664e-14  0.80000000003668  0.1999999999633  
 0.010625   300.00000011999  8.9080276200664e-14  0.80000000003668  0.1999999999633  
 0.0109375   300.00000011999  8.9080276200664e-14  0.80000000003668  0.1999999999633  
 0.01125   300.00000011999  8.9080276200664e-14  0.80000000003668  0.1999999999633  
 0.0115625   300.00000011999  8.9080276200664e-14  0.80000000003668  0.1999999999633  
 0.011875   300.00000011999  8.9080276200664e-14  0.80000000003668  0.1999999999633  
 0.0121875   300.00000011999  8.9080276200664e-14  0.80000000003668  0.1999999999633  
 0.0125   300.00000011999  8.9080276200664e-14  0.80000000003668  0.1999999999633  
 0.0128125   300.00000011999  8.9080276200664e-14  0.80000000003668  0.1999999999633  
 0.013125   300.00000011999  8.9080276200664e-14  0.80000000003668  0.1999999999633  
 0.0134375   300.00000011999  8.9080276200664e-14  0.80000000003668  0.1999999999633  
 0.01375   300.00000011999  8.9080276200664e-14  0.80000000003668  0.1999999999633  
 0.0140625   300.00000011999  8.9080276200664e-14  0.80000000003668  0.1999999999633  
 0.014375   300.00000011999  8.9080276200664e-14  0.80000000003668  0.1999999999633  
 0.0146875   300.00000011999  8.9080276200664e-14  0.80000000003668  0.1999999999633  
 0.015   300.00000011999  8.9080276200664e-14  0.80000000003668  0.1999999999633  
 0.0153125   300.00000011999  8.9080276200664e-14  0.80000000003668  0.1999999999633  
 0.015625   300.00000011999  8.9080276200664e-14  0.80000000003668  0.1999999999633  
 0.0159375   300.00000011999  8.9080276200664e-14  0.80000000003668  0.1999999999633  
 0.01625   300.00000011999  8.9080276200664e-14  0.80000000003668  0.1999999999633  
 0.0165625   300.00000011999  8.9080276200664e-14  0.80000000003668  0.1999999999633  
 0.016875   300.00000011999  8.9080276200664e-14  0.80000000003668  0.1999999999633  
 0.0171875   300.00000011999  8.9080276200664e-14  0.80000000003668  0.1999999999633  
 0.0175   300.00000011999  8.9080276200664e-14  0.80000000003668  0.1999999999633  
 0.0178125   300.00000011999  8.9080276200664e-14  0.80000000003668  0.1999999999633  
 0.018125   300.00000011999  8.9080276200664e-14  0.80000000003668  0.1999999999633  
 0.0184375   300.00000011999  8.9080276200664e-14  0.80000000003668  0.1999999999633  
 0.01875   300.00000011999  8.9080276200664e-14  0.80000000003668  0.1999999999633  
 0.0190625   300.00000011999  8.9080276200664e-14  0.80000000003668  0.1999999999633  
 0.019375   300.00000011999  8.9080276200664e-14  0.80000000003668  0.1999999999633  
 0.0196875   300.00000011999  8.9080276200664e-14  0.80000000003668  0.1999999999633  
 0.02   300  0  0.8  0.2  
