# TIME: 0.0020599999999999
#  x     Variables:...

 0   1000  0  0.8  0.2  
 0.0003125   1165.8390719099  0.0070479859595274  0.99220129822233  0.00075148225083178  
 0.000625   1113.2789218313  0.0029358184919141  0.99696326525137  0.00010096862146239  
 0.0009375   1026.0119757287  0.0012247934333535  0.99865858061617  0.00011665351741948  
 0.00125   948.9694649785  0.0011899481236668  0.99855089624524  0.00025913151946883  
 0.0015625   615.59112809076  1.3443153504417e-05  0.86959527192359  0.13039126689193  
 0.001875   401.16637262976  7.6134572524914e-08  0.81700414789717  0.18299577596439  
 0.0021875   327.74193768537  3.0553835418857e-10  0.8036645144212  0.19633548527325  
 0.0025   306.92142205529  1.161758065139e-12  0.80071554101642  0.19928445898243  
 0.0028125   301.59697712312  1.138355695152e-13  0.80012697086973  0.19987302913017  
 0.003125   300.34351524433  9.344796488602e-14  0.80002056850284  0.19997943149708  
 0.0034375   300.06927384991  8.9943617763342e-14  0.80000306177579  0.19999693822413  
 0.00375   300.01314704023  8.9243550983226e-14  0.80000042154869  0.19999957845124  
 0.0040625   300.00235429939  8.9109499520407e-14  0.80000005400913  0.1999999459908  
 0.004375   300.00039863287  8.908522330503e-14  0.80000000649247  0.19999999350746  
 0.0046875   300.00006398582  8.908106909056e-14  0.80000000075734  0.1999999992426  
 0.005   300.00000981376  8.9080396555186e-14  0.80000000010812  0.19999999989182  
 0.0053125   300.00000150435  8.9080293390427e-14  0.80000000003892  0.19999999996103  
 0.005625   300.00000029466  8.9080278371461e-14  0.80000000003196  0.199999999968  
 0.0059375   300.00000012724  8.9080276292917e-14  0.8000000000313  0.19999999996866  
 0.00625   300.00000010517  8.9080276018993e-14  0.80000000003124  0.19999999996872  
 0.0065625   300.0000001024  8.9080275984559e-14  0.80000000003124  0.19999999996872  
 0.006875   300.00000010207  8.9080275980422e-14  0.80000000003124  0.19999999996872  
 0.0071875   300.00000010203  8.9080275979945e-14  0.80000000003124  0.19999999996872  
 0.0075   300.00000010202  8.9080275979904e-14  0.80000000003124  0.19999999996872  
 0.0078125   300.00000010202  8.9080275979904e-14  0.80000000003124  0.19999999996872  
 0.008125   300.00000010202  8.9080275979904e-14  0.80000000003124  0.19999999996872  
 0.0084375   300.00000010202  8.9080275979904e-14  0.80000000003124  0.19999999996872  
 0.00875   300.00000010202  8.9080275979904e-14  0.80000000003124  0.19999999996872  
 0.0090625   300.00000010202  8.9080275979904e-14  0.80000000003124  0.19999999996872  
 0.009375   300.00000010202  8.9080275979904e-14  0.80000000003124  0.19999999996872  
 0.0096875   300.00000010202  8.9080275979904e-14  0.80000000003124  0.19999999996872  
 0.01   300.00000010202  8.9080275979904e-14  0.80000000003124  0.19999999996872  
 0.0103125   300.00000010202  8.9080275979904e-14  0.80000000003124  0.19999999996872  
 0.010625   300.00000010202  8.9080275979904e-14  0.80000000003124  0.19999999996872  
 0.0109375   300.00000010202  8.9080275979904e-14  0.80000000003124  0.19999999996872  
 0.01125   300.00000010202  8.9080275979904e-14  0.80000000003124  0.19999999996872  
 0.0115625   300.00000010202  8.9080275979904e-14  0.80000000003124  0.19999999996872  
 0.011875   300.00000010202  8.9080275979904e-14  0.80000000003124  0.19999999996872  
 0.0121875   300.00000010202  8.9080275979904e-14  0.80000000003124  0.19999999996872  
 0.0125   300.00000010202  8.9080275979904e-14  0.80000000003124  0.19999999996872  
 0.0128125   300.00000010202  8.9080275979904e-14  0.80000000003124  0.19999999996872  
 0.013125   300.00000010202  8.9080275979904e-14  0.80000000003124  0.19999999996872  
 0.0134375   300.00000010202  8.9080275979904e-14  0.80000000003124  0.19999999996872  
 0.01375   300.00000010202  8.9080275979904e-14  0.80000000003124  0.19999999996872  
 0.0140625   300.00000010202  8.9080275979904e-14  0.80000000003124  0.19999999996872  
 0.014375   300.00000010202  8.9080275979904e-14  0.80000000003124  0.19999999996872  
 0.0146875   300.00000010202  8.9080275979904e-14  0.80000000003124  0.19999999996872  
 0.015   300.00000010202  8.9080275979904e-14  0.80000000003124  0.19999999996872  
 0.0153125   300.00000010202  8.9080275979904e-14  0.80000000003124  0.19999999996872  
 0.015625   300.00000010202  8.9080275979904e-14  0.80000000003124  0.19999999996872  
 0.0159375   300.00000010202  8.9080275979904e-14  0.80000000003124  0.19999999996872  
 0.01625   300.00000010202  8.9080275979904e-14  0.80000000003124  0.19999999996872  
 0.0165625   300.00000010202  8.9080275979904e-14  0.80000000003124  0.19999999996872  
 0.016875   300.00000010202  8.9080275979904e-14  0.80000000003124  0.19999999996872  
 0.0171875   300.00000010202  8.9080275979904e-14  0.80000000003124  0.19999999996872  
 0.0175   300.00000010202  8.9080275979904e-14  0.80000000003124  0.19999999996872  
 0.0178125   300.00000010202  8.9080275979904e-14  0.80000000003124  0.19999999996872  
 0.018125   300.00000010202  8.9080275979904e-14  0.80000000003124  0.19999999996872  
 0.0184375   300.00000010202  8.9080275979904e-14  0.80000000003124  0.19999999996872  
 0.01875   300.00000010202  8.9080275979904e-14  0.80000000003124  0.19999999996872  
 0.0190625   300.00000010202  8.9080275979904e-14  0.80000000003124  0.19999999996872  
 0.019375   300.00000010202  8.9080275979904e-14  0.80000000003124  0.19999999996872  
 0.0196875   300.00000010202  8.9080275979904e-14  0.80000000003124  0.19999999996872  
 0.02   300  0  0.8  0.2  
