# TIME: 0.00064000000000001
#  x     Variables:...

 0   1000  0  0.8  0.2  
 0.0003125   1135.1126159382  0.0067505220253317  0.99146578348921  0.0017837045075675  
 0.000625   475.9843816486  2.8246484526561e-05  0.80820802753668  0.19176372409768  
 0.0009375   337.32070551403  1.1769703872728e-07  0.80031875786158  0.19968112444052  
 0.00125   306.77985590936  3.4051721976129e-10  0.8000150322439  0.19998496741559  
 0.0015625   301.02021835243  9.8844161328809e-13  0.80000076492882  0.19999923507019  
 0.001875   300.13007467486  9.2935965970339e-14  0.80000003837701  0.1999999616229  
 0.0021875   300.01436203559  8.9264189616407e-14  0.80000000184627  0.19999999815364  
 0.0025   300.00139754208  8.9097629144189e-14  0.80000000009294  0.19999999990698  
 0.0028125   300.00012156128  8.9081782473855e-14  0.80000000001335  0.19999999998657  
 0.003125   300.00000958385  8.9080393550461e-14  0.80000000000994  0.19999999998998  
 0.0034375   300.00000071623  8.9080283600386e-14  0.8000000000098  0.19999999999012  
 0.00375   300.00000007633  8.9080275668893e-14  0.8000000000098  0.19999999999013  
 0.0040625   300.00000003391  8.908027514328e-14  0.8000000000098  0.19999999999013  
 0.004375   300.00000003131  8.9080275111063e-14  0.8000000000098  0.19999999999013  
 0.0046875   300.00000003116  8.9080275109224e-14  0.8000000000098  0.19999999999013  
 0.005   300.00000003115  8.9080275109127e-14  0.8000000000098  0.19999999999013  
 0.0053125   300.00000003115  8.9080275109127e-14  0.8000000000098  0.19999999999013  
 0.005625   300.00000003115  8.9080275109127e-14  0.8000000000098  0.19999999999013  
 0.0059375   300.00000003115  8.9080275109127e-14  0.8000000000098  0.19999999999013  
 0.00625   300.00000003115  8.9080275109127e-14  0.8000000000098  0.19999999999013  
 0.0065625   300.00000003115  8.9080275109127e-14  0.8000000000098  0.19999999999013  
 0.006875   300.00000003115  8.9080275109127e-14  0.8000000000098  0.19999999999013  
 0.0071875   300.00000003115  8.9080275109127e-14  0.8000000000098  0.19999999999013  
 0.0075   300.00000003115  8.9080275109127e-14  0.8000000000098  0.19999999999013  
 0.0078125   300.00000003115  8.9080275109127e-14  0.8000000000098  0.19999999999013  
 0.008125   300.00000003115  8.9080275109127e-14  0.8000000000098  0.19999999999013  
 0.0084375   300.00000003115  8.9080275109127e-14  0.8000000000098  0.19999999999013  
 0.00875   300.00000003115  8.9080275109127e-14  0.8000000000098  0.19999999999013  
 0.0090625   300.00000003115  8.9080275109127e-14  0.8000000000098  0.19999999999013  
 0.009375   300.00000003115  8.9080275109127e-14  0.8000000000098  0.19999999999013  
 0.0096875   300.00000003115  8.9080275109127e-14  0.8000000000098  0.19999999999013  
 0.01   300.00000003115  8.9080275109127e-14  0.8000000000098  0.19999999999013  
 0.0103125   300.00000003115  8.9080275109127e-14  0.8000000000098  0.19999999999013  
 0.010625   300.00000003115  8.9080275109127e-14  0.8000000000098  0.19999999999013  
 0.0109375   300.00000003115  8.9080275109127e-14  0.8000000000098  0.19999999999013  
 0.01125   300.00000003115  8.9080275109127e-14  0.8000000000098  0.19999999999013  
 0.0115625   300.00000003115  8.9080275109127e-14  0.8000000000098  0.19999999999013  
 0.011875   300.00000003115  8.9080275109127e-14  0.8000000000098  0.19999999999013  
 0.0121875   300.00000003115  8.9080275109127e-14  0.8000000000098  0.19999999999013  
 0.0125   300.00000003115  8.9080275109127e-14  0.8000000000098  0.19999999999013  
 0.0128125   300.00000003115  8.9080275109127e-14  0.8000000000098  0.19999999999013  
 0.013125   300.00000003115  8.9080275109127e-14  0.8000000000098  0.19999999999013  
 0.0134375   300.00000003115  8.9080275109127e-14  0.8000000000098  0.19999999999013  
 0.01375   300.00000003115  8.9080275109127e-14  0.8000000000098  0.19999999999013  
 0.0140625   300.00000003115  8.9080275109127e-14  0.8000000000098  0.19999999999013  
 0.014375   300.00000003115  8.9080275109127e-14  0.8000000000098  0.19999999999013  
 0.0146875   300.00000003115  8.9080275109127e-14  0.8000000000098  0.19999999999013  
 0.015   300.00000003115  8.9080275109127e-14  0.8000000000098  0.19999999999013  
 0.0153125   300.00000003115  8.9080275109127e-14  0.8000000000098  0.19999999999013  
 0.015625   300.00000003115  8.9080275109127e-14  0.8000000000098  0.19999999999013  
 0.0159375   300.00000003115  8.9080275109127e-14  0.8000000000098  0.19999999999013  
 0.01625   300.00000003115  8.9080275109127e-14  0.8000000000098  0.19999999999013  
 0.0165625   300.00000003115  8.9080275109127e-14  0.8000000000098  0.19999999999013  
 0.016875   300.00000003115  8.9080275109127e-14  0.8000000000098  0.19999999999013  
 0.0171875   300.00000003115  8.9080275109127e-14  0.8000000000098  0.19999999999013  
 0.0175   300.00000003115  8.9080275109127e-14  0.8000000000098  0.19999999999013  
 0.0178125   300.00000003115  8.9080275109127e-14  0.8000000000098  0.19999999999013  
 0.018125   300.00000003115  8.9080275109127e-14  0.8000000000098  0.19999999999013  
 0.0184375   300.00000003115  8.9080275109127e-14  0.8000000000098  0.19999999999013  
 0.01875   300.00000003115  8.9080275109127e-14  0.8000000000098  0.19999999999013  
 0.0190625   300.00000003115  8.9080275109127e-14  0.8000000000098  0.19999999999013  
 0.019375   300.00000003115  8.9080275109127e-14  0.8000000000098  0.19999999999013  
 0.0196875   300.00000003115  8.9080275109127e-14  0.8000000000098  0.19999999999013  
 0.02   300  0  0.8  0.2  
