# TIME: 0.00162
#  x     Variables:...

 0   1000  0  0.8  0.2  
 0.0003125   1150.670727058  0.0064777759701391  0.99269129343264  0.00083148157143149  
 0.000625   1076.2492442411  0.0024935044351153  0.9973808208718  0.00012572655238731  
 0.0009375   978.29070063062  0.0015526898772414  0.99822342186303  0.0002238756155507  
 0.00125   632.43228137061  1.9112230548518e-05  0.8692223320615  0.13075852868475  
 0.0015625   399.36025192383  1.0613456830139e-07  0.81505748096528  0.18494241289464  
 0.001875   324.55810929101  4.0750554532731e-10  0.80272917808706  0.19727082150542  
 0.0021875   305.48589515533  1.4051710913757e-12  0.80043663544876  0.19956336454984  
 0.0025   301.13338545643  1.0770458386557e-13  0.80006268361021  0.19993731638969  
 0.0028125   300.21789578452  9.1834224700183e-14  0.80000813401689  0.19999186598303  
 0.003125   300.03908656312  8.9566719128894e-14  0.80000096119173  0.19999903880819  
 0.0034375   300.00655314479  8.9161660210418e-14  0.80000010427879  0.19999989572114  
 0.00375   300.00102835401  8.9093042659632e-14  0.80000001048238  0.19999998951755  
 0.0040625   300.00015132642  8.908215351383e-14  0.8000000010011  0.19999999899884  
 0.004375   300.00002097173  8.9080535082358e-14  0.80000000010993  0.19999999989  
 0.0046875   300.00000279589  8.9080309425198e-14  0.8000000000316  0.19999999996834  
 0.005   300.00000041309  8.9080279844076e-14  0.80000000002513  0.19999999997482  
 0.0053125   300.00000011868  8.9080276189388e-14  0.80000000002463  0.19999999997532  
 0.005625   300.00000008431  8.908027576275e-14  0.8000000000246  0.19999999997535  
 0.0059375   300.00000008051  8.9080275715572e-14  0.8000000000246  0.19999999997536  
 0.00625   300.00000008011  8.9080275710618e-14  0.8000000000246  0.19999999997536  
 0.0065625   300.00000008007  8.9080275710123e-14  0.8000000000246  0.19999999997536  
 0.006875   300.00000008006  8.9080275710085e-14  0.8000000000246  0.19999999997536  
 0.0071875   300.00000008006  8.9080275710085e-14  0.8000000000246  0.19999999997536  
 0.0075   300.00000008006  8.9080275710085e-14  0.8000000000246  0.19999999997536  
 0.0078125   300.00000008006  8.9080275710085e-14  0.8000000000246  0.19999999997536  
 0.008125   300.00000008006  8.9080275710085e-14  0.8000000000246  0.19999999997536  
 0.0084375   300.00000008006  8.9080275710085e-14  0.8000000000246  0.19999999997536  
 0.00875   300.00000008006  8.9080275710085e-14  0.8000000000246  0.19999999997536  
 0.0090625   300.00000008006  8.9080275710085e-14  0.8000000000246  0.19999999997536  
 0.009375   300.00000008006  8.9080275710085e-14  0.8000000000246  0.19999999997536  
 0.0096875   300.00000008006  8.9080275710085e-14  0.8000000000246  0.19999999997536  
 0.01   300.00000008006  8.9080275710085e-14  0.8000000000246  0.19999999997536  
 0.0103125   300.00000008006  8.9080275710085e-14  0.8000000000246  0.19999999997536  
 0.010625   300.00000008006  8.9080275710085e-14  0.8000000000246  0.19999999997536  
 0.0109375   300.00000008006  8.9080275710085e-14  0.8000000000246  0.19999999997536  
 0.01125   300.00000008006  8.9080275710085e-14  0.8000000000246  0.19999999997536  
 0.0115625   300.00000008006  8.9080275710085e-14  0.8000000000246  0.19999999997536  
 0.011875   300.00000008006  8.9080275710085e-14  0.8000000000246  0.19999999997536  
 0.0121875   300.00000008006  8.9080275710085e-14  0.8000000000246  0.19999999997536  
 0.0125   300.00000008006  8.9080275710085e-14  0.8000000000246  0.19999999997536  
 0.0128125   300.00000008006  8.9080275710085e-14  0.8000000000246  0.19999999997536  
 0.013125   300.00000008006  8.9080275710085e-14  0.8000000000246  0.19999999997536  
 0.0134375   300.00000008006  8.9080275710085e-14  0.8000000000246  0.19999999997536  
 0.01375   300.00000008006  8.9080275710085e-14  0.8000000000246  0.19999999997536  
 0.0140625   300.00000008006  8.9080275710085e-14  0.8000000000246  0.19999999997536  
 0.014375   300.00000008006  8.9080275710085e-14  0.8000000000246  0.19999999997536  
 0.0146875   300.00000008006  8.9080275710085e-14  0.8000000000246  0.19999999997536  
 0.015   300.00000008006  8.9080275710085e-14  0.8000000000246  0.19999999997536  
 0.0153125   300.00000008006  8.9080275710085e-14  0.8000000000246  0.19999999997536  
 0.015625   300.00000008006  8.9080275710085e-14  0.8000000000246  0.19999999997536  
 0.0159375   300.00000008006  8.9080275710085e-14  0.8000000000246  0.19999999997536  
 0.01625   300.00000008006  8.9080275710085e-14  0.8000000000246  0.19999999997536  
 0.0165625   300.00000008006  8.9080275710085e-14  0.8000000000246  0.19999999997536  
 0.016875   300.00000008006  8.9080275710085e-14  0.8000000000246  0.19999999997536  
 0.0171875   300.00000008006  8.9080275710085e-14  0.8000000000246  0.19999999997536  
 0.0175   300.00000008006  8.9080275710085e-14  0.8000000000246  0.19999999997536  
 0.0178125   300.00000008006  8.9080275710085e-14  0.8000000000246  0.19999999997536  
 0.018125   300.00000008006  8.9080275710085e-14  0.8000000000246  0.19999999997536  
 0.0184375   300.00000008006  8.9080275710085e-14  0.8000000000246  0.19999999997536  
 0.01875   300.00000008006  8.9080275710085e-14  0.8000000000246  0.19999999997536  
 0.0190625   300.00000008006  8.9080275710085e-14  0.8000000000246  0.19999999997536  
 0.019375   300.00000008006  8.9080275710085e-14  0.8000000000246  0.19999999997536  
 0.0196875   300.00000008006  8.9080275710085e-14  0.8000000000246  0.19999999997536  
 0.02   300  0  0.8  0.2  
