# TIME: 0.00268
#  x     Variables:...

 0   1000  0  0.8  0.2  
 0.0003125   1179.6539714199  0.0075829942919743  0.9917305470523  0.00068754023803525  
 0.000625   1149.9994781368  0.0034958465640564  0.99642043280685  8.3773667212099e-05  
 0.0009375   1085.1622339643  0.0015750998081237  0.99834716294614  7.7764858113106e-05  
 0.00125   1005.0851004578  0.00072647643940453  0.99917697813631  9.6564341428143e-05  
 0.0015625   924.34521513494  0.00069592977882715  0.99906024515347  0.00024381888988037  
 0.001875   683.30431214992  4.4646133820843e-05  0.89598743566744  0.10396789113321  
 0.0021875   447.44015716526  2.5254589561255e-07  0.82873147099599  0.17126827644485  
 0.0025   347.33106641372  1.2066643320714e-09  0.80755598223162  0.19244401656168  
 0.0028125   313.67702646179  4.5710550254954e-12  0.80180901126761  0.19819098872783  
 0.003125   303.65619836772  1.5933595512915e-13  0.8003986802296  0.19960131977025  
 0.0034375   300.91338133522  1.0115446079704e-13  0.80008122852903  0.19991877147088  
 0.00375   300.21444982226  9.1776905022112e-14  0.8000153609868  0.19998463901313  
 0.0040625   300.0475235969  8.9671395928421e-14  0.80000270772898  0.19999729227096  
 0.004375   300.0099746545  8.9204078040309e-14  0.80000044676706  0.19999955323287  
 0.0046875   300.00198844474  8.9104949429913e-14  0.80000006928718  0.19999993071276  
 0.005   300.00037742052  8.9084958789537e-14  0.80000001016038  0.19999998983956  
 0.0053125   300.00006841074  8.9081123876536e-14  0.80000000143929  0.19999999856065  
 0.005625   300.00001193646  8.9080422892163e-14  0.80000000022394  0.19999999977602  
 0.0059375   300.00000208501  8.9080300595322e-14  0.80000000006343  0.19999999993653  
 0.00625   300.0000004422  8.90802801995e-14  0.80000000004329  0.19999999995667  
 0.0065625   300.00000017995  8.9080276943441e-14  0.80000000004089  0.19999999995908  
 0.006875   300.00000013982  8.9080276445202e-14  0.80000000004062  0.19999999995935  
 0.0071875   300.00000013393  8.9080276372025e-14  0.8000000000406  0.19999999995938  
 0.0075   300.0000001331  8.9080276361696e-14  0.8000000000406  0.19999999995938  
 0.0078125   300.00000013298  8.9080276360292e-14  0.8000000000406  0.19999999995938  
 0.008125   300.00000013297  8.9080276360102e-14  0.8000000000406  0.19999999995938  
 0.0084375   300.00000013297  8.9080276360101e-14  0.8000000000406  0.19999999995938  
 0.00875   300.00000013297  8.9080276360101e-14  0.8000000000406  0.19999999995938  
 0.0090625   300.00000013297  8.9080276360101e-14  0.8000000000406  0.19999999995938  
 0.009375   300.00000013297  8.9080276360101e-14  0.8000000000406  0.19999999995938  
 0.0096875   300.00000013297  8.9080276360101e-14  0.8000000000406  0.19999999995938  
 0.01   300.00000013297  8.9080276360101e-14  0.8000000000406  0.19999999995938  
 0.0103125   300.00000013297  8.9080276360101e-14  0.8000000000406  0.19999999995938  
 0.010625   300.00000013297  8.9080276360101e-14  0.8000000000406  0.19999999995938  
 0.0109375   300.00000013297  8.9080276360101e-14  0.8000000000406  0.19999999995938  
 0.01125   300.00000013297  8.9080276360101e-14  0.8000000000406  0.19999999995938  
 0.0115625   300.00000013297  8.9080276360101e-14  0.8000000000406  0.19999999995938  
 0.011875   300.00000013297  8.9080276360101e-14  0.8000000000406  0.19999999995938  
 0.0121875   300.00000013297  8.9080276360101e-14  0.8000000000406  0.19999999995938  
 0.0125   300.00000013297  8.9080276360101e-14  0.8000000000406  0.19999999995938  
 0.0128125   300.00000013297  8.9080276360101e-14  0.8000000000406  0.19999999995938  
 0.013125   300.00000013297  8.9080276360101e-14  0.8000000000406  0.19999999995938  
 0.0134375   300.00000013297  8.9080276360101e-14  0.8000000000406  0.19999999995938  
 0.01375   300.00000013297  8.9080276360101e-14  0.8000000000406  0.19999999995938  
 0.0140625   300.00000013297  8.9080276360101e-14  0.8000000000406  0.19999999995938  
 0.014375   300.00000013297  8.9080276360101e-14  0.8000000000406  0.19999999995938  
 0.0146875   300.00000013297  8.9080276360101e-14  0.8000000000406  0.19999999995938  
 0.015   300.00000013297  8.9080276360101e-14  0.8000000000406  0.19999999995938  
 0.0153125   300.00000013297  8.9080276360101e-14  0.8000000000406  0.19999999995938  
 0.015625   300.00000013297  8.9080276360101e-14  0.8000000000406  0.19999999995938  
 0.0159375   300.00000013297  8.9080276360101e-14  0.8000000000406  0.19999999995938  
 0.01625   300.00000013297  8.9080276360101e-14  0.8000000000406  0.19999999995938  
 0.0165625   300.00000013297  8.9080276360101e-14  0.8000000000406  0.19999999995938  
 0.016875   300.00000013297  8.9080276360101e-14  0.8000000000406  0.19999999995938  
 0.0171875   300.00000013297  8.9080276360101e-14  0.8000000000406  0.19999999995938  
 0.0175   300.00000013297  8.9080276360101e-14  0.8000000000406  0.19999999995938  
 0.0178125   300.00000013297  8.9080276360101e-14  0.8000000000406  0.19999999995938  
 0.018125   300.00000013297  8.9080276360101e-14  0.8000000000406  0.19999999995938  
 0.0184375   300.00000013297  8.9080276360101e-14  0.8000000000406  0.19999999995938  
 0.01875   300.00000013297  8.9080276360101e-14  0.8000000000406  0.19999999995938  
 0.0190625   300.00000013297  8.9080276360101e-14  0.8000000000406  0.19999999995938  
 0.019375   300.00000013297  8.9080276360101e-14  0.8000000000406  0.19999999995938  
 0.0196875   300.00000013297  8.9080276360101e-14  0.8000000000406  0.19999999995938  
 0.02   300  0  0.8  0.2  
