# TIME: 0.00122
#  x     Variables:...

 0   1000  0  0.8  0.2  
 0.0003125   1132.4664000713  0.0058077221389916  0.99324886131609  0.00094378075392752  
 0.000625   1025.8558702643  0.0025790357328855  0.99721880692586  0.00020217558857666  
 0.0009375   662.15038125385  3.5069220124603e-05  0.86830364497905  0.13166124734142  
 0.00125   400.24544266291  1.8986437903564e-07  0.81258086926464  0.18741894086168  
 0.0015625   322.30933759684  7.0316868102053e-10  0.80179374752322  0.19820625177358  
 0.001875   304.45836328528  2.2220656368097e-12  0.800214832778  0.19978516721978  
 0.0021875   300.82187057288  1.0560061036219e-13  0.80002259467412  0.19997740532578  
 0.0025   300.13974699687  9.0848099084804e-14  0.80000213283966  0.19999786716026  
 0.0028125   300.02185732815  8.9352121079772e-14  0.80000018281905  0.19999981718087  
 0.003125   300.00314449121  8.9119325276931e-14  0.80000001436251  0.19999998563741  
 0.0034375   300.0004171033  8.908545316729e-14  0.80000000105701  0.19999999894291  
 0.00375   300.00005123579  8.9080910731289e-14  0.80000000008846  0.19999999991147  
 0.0040625   300.000005894  8.9080347872937e-14  0.80000000002296  0.19999999997698  
 0.004375   300.00000068049  8.9080283163646e-14  0.80000000001881  0.19999999998112  
 0.0046875   300.00000012189  8.9080276231464e-14  0.80000000001857  0.19999999998137  
 0.005   300.00000006589  8.9080275536565e-14  0.80000000001856  0.19999999998138  
 0.0053125   300.00000006061  8.9080275471125e-14  0.80000000001856  0.19999999998138  
 0.005625   300.00000006014  8.9080275465316e-14  0.80000000001856  0.19999999998138  
 0.0059375   300.0000000601  8.9080275464826e-14  0.80000000001856  0.19999999998138  
 0.00625   300.0000000601  8.9080275464797e-14  0.80000000001856  0.19999999998138  
 0.0065625   300.0000000601  8.9080275464797e-14  0.80000000001856  0.19999999998138  
 0.006875   300.0000000601  8.9080275464797e-14  0.80000000001856  0.19999999998138  
 0.0071875   300.0000000601  8.9080275464797e-14  0.80000000001856  0.19999999998138  
 0.0075   300.0000000601  8.9080275464797e-14  0.80000000001856  0.19999999998138  
 0.0078125   300.0000000601  8.9080275464797e-14  0.80000000001856  0.19999999998138  
 0.008125   300.0000000601  8.9080275464797e-14  0.80000000001856  0.19999999998138  
 0.0084375   300.0000000601  8.9080275464797e-14  0.80000000001856  0.19999999998138  
 0.00875   300.0000000601  8.9080275464797e-14  0.80000000001856  0.19999999998138  
 0.0090625   300.0000000601  8.9080275464797e-14  0.80000000001856  0.19999999998138  
 0.009375   300.0000000601  8.9080275464797e-14  0.80000000001856  0.19999999998138  
 0.0096875   300.0000000601  8.9080275464797e-14  0.80000000001856  0.19999999998138  
 0.01   300.0000000601  8.9080275464797e-14  0.80000000001856  0.19999999998138  
 0.0103125   300.0000000601  8.9080275464797e-14  0.80000000001856  0.19999999998138  
 0.010625   300.0000000601  8.9080275464797e-14  0.80000000001856  0.19999999998138  
 0.0109375   300.0000000601  8.9080275464797e-14  0.80000000001856  0.19999999998138  
 0.01125   300.0000000601  8.9080275464797e-14  0.80000000001856  0.19999999998138  
 0.0115625   300.0000000601  8.9080275464797e-14  0.80000000001856  0.19999999998138  
 0.011875   300.0000000601  8.9080275464797e-14  0.80000000001856  0.19999999998138  
 0.0121875   300.0000000601  8.9080275464797e-14  0.80000000001856  0.19999999998138  
 0.0125   300.0000000601  8.9080275464797e-14  0.80000000001856  0.19999999998138  
 0.0128125   300.0000000601  8.9080275464797e-14  0.80000000001856  0.19999999998138  
 0.013125   300.0000000601  8.9080275464797e-14  0.80000000001856  0.19999999998138  
 0.0134375   300.0000000601  8.9080275464797e-14  0.80000000001856  0.19999999998138  
 0.01375   300.0000000601  8.9080275464797e-14  0.80000000001856  0.19999999998138  
 0.0140625   300.0000000601  8.9080275464797e-14  0.80000000001856  0.19999999998138  
 0.014375   300.0000000601  8.9080275464797e-14  0.80000000001856  0.19999999998138  
 0.0146875   300.0000000601  8.9080275464797e-14  0.80000000001856  0.19999999998138  
 0.015   300.0000000601  8.9080275464797e-14  0.80000000001856  0.19999999998138  
 0.0153125   300.0000000601  8.9080275464797e-14  0.80000000001856  0.19999999998138  
 0.015625   300.0000000601  8.9080275464797e-14  0.80000000001856  0.19999999998138  
 0.0159375   300.0000000601  8.9080275464797e-14  0.80000000001856  0.19999999998138  
 0.01625   300.0000000601  8.9080275464797e-14  0.80000000001856  0.19999999998138  
 0.0165625   300.0000000601  8.9080275464797e-14  0.80000000001856  0.19999999998138  
 0.016875   300.0000000601  8.9080275464797e-14  0.80000000001856  0.19999999998138  
 0.0171875   300.0000000601  8.9080275464797e-14  0.80000000001856  0.19999999998138  
 0.0175   300.0000000601  8.9080275464797e-14  0.80000000001856  0.19999999998138  
 0.0178125   300.0000000601  8.9080275464797e-14  0.80000000001856  0.19999999998138  
 0.018125   300.0000000601  8.9080275464797e-14  0.80000000001856  0.19999999998138  
 0.0184375   300.0000000601  8.9080275464797e-14  0.80000000001856  0.19999999998138  
 0.01875   300.0000000601  8.9080275464797e-14  0.80000000001856  0.19999999998138  
 0.0190625   300.0000000601  8.9080275464797e-14  0.80000000001856  0.19999999998138  
 0.019375   300.0000000601  8.9080275464797e-14  0.80000000001856  0.19999999998138  
 0.0196875   300.0000000601  8.9080275464797e-14  0.80000000001856  0.19999999998138  
 0.02   300  0  0.8  0.2  
