# TIME: 0.00256
#  x     Variables:...

 0   1000  0  0.8  0.2  
 0.0003125   1177.4612742693  0.0074968479342812  0.99180699328073  0.00069717856607895  
 0.000625   1144.1488503998  0.0033996502450227  0.99651422148143  8.6181182404209e-05  
 0.0009375   1075.0757814851  0.0014978388313317  0.99841977044596  8.2418323018701e-05  
 0.00125   991.13089742066  0.00070887005807315  0.99917899919196  0.00011214970310994  
 0.0015625   927.82221571926  0.00095334718050443  0.99875088061076  0.00029574784368509  
 0.001875   621.26347964414  1.409590801113e-05  0.8749650945438  0.12502079478808  
 0.0021875   412.46277517414  8.1181679537472e-08  0.82056756691842  0.1794323518959  
 0.0025   334.13653546595  3.4970478084596e-10  0.80510120299446  0.19489879665582  
 0.0028125   309.46753830181  1.4240742703652e-12  0.80116302507895  0.19883697491963  
 0.003125   302.43495065802  1.2796168760289e-13  0.80024384719211  0.19975615280778  
 0.0034375   300.58535958576  9.6636552969633e-14  0.80004716886749  0.19995283113242  
 0.00375   300.13228898298  9.0734907436109e-14  0.80000845900439  0.19999154099553  
 0.0040625   300.02822592392  8.9430981582349e-14  0.80000141321425  0.19999858678569  
 0.004375   300.00570449165  8.9151070576646e-14  0.80000022092941  0.19999977907052  
 0.0046875   300.00109489891  8.9093862637494e-14  0.80000003246938  0.19999996753056  
 0.005   300.00020006909  8.9082757986285e-14  0.8000000045269  0.19999999547304  
 0.0053125   300.00003493767  8.9080708419407e-14  0.80000000062612  0.19999999937383  
 0.005625   300.00000591345  8.9080348125399e-14  0.80000000011166  0.19999999988829  
 0.0059375   300.0000010466  8.9080287704242e-14  0.80000000004737  0.19999999995259  
 0.00625   300.00000026689  8.9080278023693e-14  0.80000000003974  0.19999999996023  
 0.0065625   300.00000014738  8.9080276539851e-14  0.80000000003888  0.19999999996109  
 0.006875   300.00000012983  8.9080276321964e-14  0.80000000003879  0.19999999996118  
 0.0071875   300.00000012736  8.9080276291268e-14  0.80000000003879  0.19999999996119  
 0.0075   300.00000012703  8.9080276287116e-14  0.80000000003879  0.19999999996119  
 0.0078125   300.00000012698  8.9080276286575e-14  0.80000000003879  0.19999999996119  
 0.008125   300.00000012698  8.9080276286515e-14  0.80000000003879  0.19999999996119  
 0.0084375   300.00000012698  8.9080276286514e-14  0.80000000003879  0.19999999996119  
 0.00875   300.00000012698  8.9080276286514e-14  0.80000000003879  0.19999999996119  
 0.0090625   300.00000012698  8.9080276286514e-14  0.80000000003879  0.19999999996119  
 0.009375   300.00000012698  8.9080276286514e-14  0.80000000003879  0.19999999996119  
 0.0096875   300.00000012698  8.9080276286514e-14  0.80000000003879  0.19999999996119  
 0.01   300.00000012698  8.9080276286514e-14  0.80000000003879  0.19999999996119  
 0.0103125   300.00000012698  8.9080276286514e-14  0.80000000003879  0.19999999996119  
 0.010625   300.00000012698  8.9080276286514e-14  0.80000000003879  0.19999999996119  
 0.0109375   300.00000012698  8.9080276286514e-14  0.80000000003879  0.19999999996119  
 0.01125   300.00000012698  8.9080276286514e-14  0.80000000003879  0.19999999996119  
 0.0115625   300.00000012698  8.9080276286514e-14  0.80000000003879  0.19999999996119  
 0.011875   300.00000012698  8.9080276286514e-14  0.80000000003879  0.19999999996119  
 0.0121875   300.00000012698  8.9080276286514e-14  0.80000000003879  0.19999999996119  
 0.0125   300.00000012698  8.9080276286514e-14  0.80000000003879  0.19999999996119  
 0.0128125   300.00000012698  8.9080276286514e-14  0.80000000003879  0.19999999996119  
 0.013125   300.00000012698  8.9080276286514e-14  0.80000000003879  0.19999999996119  
 0.0134375   300.00000012698  8.9080276286514e-14  0.80000000003879  0.19999999996119  
 0.01375   300.00000012698  8.9080276286514e-14  0.80000000003879  0.19999999996119  
 0.0140625   300.00000012698  8.9080276286514e-14  0.80000000003879  0.19999999996119  
 0.014375   300.00000012698  8.9080276286514e-14  0.80000000003879  0.19999999996119  
 0.0146875   300.00000012698  8.9080276286514e-14  0.80000000003879  0.19999999996119  
 0.015   300.00000012698  8.9080276286514e-14  0.80000000003879  0.19999999996119  
 0.0153125   300.00000012698  8.9080276286514e-14  0.80000000003879  0.19999999996119  
 0.015625   300.00000012698  8.9080276286514e-14  0.80000000003879  0.19999999996119  
 0.0159375   300.00000012698  8.9080276286514e-14  0.80000000003879  0.19999999996119  
 0.01625   300.00000012698  8.9080276286514e-14  0.80000000003879  0.19999999996119  
 0.0165625   300.00000012698  8.9080276286514e-14  0.80000000003879  0.19999999996119  
 0.016875   300.00000012698  8.9080276286514e-14  0.80000000003879  0.19999999996119  
 0.0171875   300.00000012698  8.9080276286514e-14  0.80000000003879  0.19999999996119  
 0.0175   300.00000012698  8.9080276286514e-14  0.80000000003879  0.19999999996119  
 0.0178125   300.00000012698  8.9080276286514e-14  0.80000000003879  0.19999999996119  
 0.018125   300.00000012698  8.9080276286514e-14  0.80000000003879  0.19999999996119  
 0.0184375   300.00000012698  8.9080276286514e-14  0.80000000003879  0.19999999996119  
 0.01875   300.00000012698  8.9080276286514e-14  0.80000000003879  0.19999999996119  
 0.0190625   300.00000012698  8.9080276286514e-14  0.80000000003879  0.19999999996119  
 0.019375   300.00000012698  8.9080276286514e-14  0.80000000003879  0.19999999996119  
 0.0196875   300.00000012698  8.9080276286514e-14  0.80000000003879  0.19999999996119  
 0.02   300  0  0.8  0.2  
