# TIME: 0.00174
#  x     Variables:...

 0   1000  0  0.8  0.2  
 0.0003125   1155.5723327732  0.0066548704836347  0.99254118874405  0.00080454961379791  
 0.000625   1088.2667686543  0.0026100015734337  0.99727393488674  0.00011611552099639  
 0.0009375   980.03823820519  0.0013225072433702  0.99847840730871  0.00019909609104028  
 0.00125   713.23590294067  7.909172877912e-05  0.89486261267902  0.1050582532221  
 0.0015625   439.30880284125  4.1631526449869e-07  0.82341959436535  0.17657998929956  
 0.001875   337.60245326595  1.7952807384513e-09  0.80479630725863  0.19520369094603  
 0.0021875   308.92857945202  5.8807604567504e-12  0.80084985468069  0.19915014531343  
 0.0025   301.94335058379  1.3242089469273e-13  0.80013412515828  0.19986587484159  
 0.0028125   300.39328030431  9.4135719202097e-14  0.80001913747807  0.19998086252185  
 0.003125   300.07437409371  9.0007957990979e-14  0.80000249064146  0.19999750935846  
 0.0034375   300.01317498459  8.9243945107272e-14  0.80000029777406  0.19999970222587  
 0.00375   300.00218984392  8.9107463185472e-14  0.80000003293713  0.1999999670628  
 0.0040625   300.00034208074  8.9084521759057e-14  0.80000000341006  0.19999999658987  
 0.004375   300.00005035643  8.908089991133e-14  0.80000000035174  0.1999999996482  
 0.0046875   300.00000705313  8.908036228075e-14  0.80000000005578  0.19999999994416  
 0.005   300.00000099825  8.9080287108068e-14  0.8000000000289  0.19999999997105  
 0.0053125   300.00000019912  8.9080277187207e-14  0.8000000000266  0.19999999997335  
 0.005625   300.00000009935  8.9080275948691e-14  0.80000000002642  0.19999999997353  
 0.0059375   300.00000008754  8.9080275802106e-14  0.80000000002641  0.19999999997355  
 0.00625   300.00000008621  8.9080275785623e-14  0.80000000002641  0.19999999997355  
 0.0065625   300.00000008607  8.9080275783858e-14  0.80000000002641  0.19999999997355  
 0.006875   300.00000008605  8.9080275783673e-14  0.80000000002641  0.19999999997355  
 0.0071875   300.00000008605  8.9080275783672e-14  0.80000000002641  0.19999999997355  
 0.0075   300.00000008605  8.9080275783672e-14  0.80000000002641  0.19999999997355  
 0.0078125   300.00000008605  8.9080275783672e-14  0.80000000002641  0.19999999997355  
 0.008125   300.00000008605  8.9080275783672e-14  0.80000000002641  0.19999999997355  
 0.0084375   300.00000008605  8.9080275783672e-14  0.80000000002641  0.19999999997355  
 0.00875   300.00000008605  8.9080275783672e-14  0.80000000002641  0.19999999997355  
 0.0090625   300.00000008605  8.9080275783672e-14  0.80000000002641  0.19999999997355  
 0.009375   300.00000008605  8.9080275783672e-14  0.80000000002641  0.19999999997355  
 0.0096875   300.00000008605  8.9080275783672e-14  0.80000000002641  0.19999999997355  
 0.01   300.00000008605  8.9080275783672e-14  0.80000000002641  0.19999999997355  
 0.0103125   300.00000008605  8.9080275783672e-14  0.80000000002641  0.19999999997355  
 0.010625   300.00000008605  8.9080275783672e-14  0.80000000002641  0.19999999997355  
 0.0109375   300.00000008605  8.9080275783672e-14  0.80000000002641  0.19999999997355  
 0.01125   300.00000008605  8.9080275783672e-14  0.80000000002641  0.19999999997355  
 0.0115625   300.00000008605  8.9080275783672e-14  0.80000000002641  0.19999999997355  
 0.011875   300.00000008605  8.9080275783672e-14  0.80000000002641  0.19999999997355  
 0.0121875   300.00000008605  8.9080275783672e-14  0.80000000002641  0.19999999997355  
 0.0125   300.00000008605  8.9080275783672e-14  0.80000000002641  0.19999999997355  
 0.0128125   300.00000008605  8.9080275783672e-14  0.80000000002641  0.19999999997355  
 0.013125   300.00000008605  8.9080275783672e-14  0.80000000002641  0.19999999997355  
 0.0134375   300.00000008605  8.9080275783672e-14  0.80000000002641  0.19999999997355  
 0.01375   300.00000008605  8.9080275783672e-14  0.80000000002641  0.19999999997355  
 0.0140625   300.00000008605  8.9080275783672e-14  0.80000000002641  0.19999999997355  
 0.014375   300.00000008605  8.9080275783672e-14  0.80000000002641  0.19999999997355  
 0.0146875   300.00000008605  8.9080275783672e-14  0.80000000002641  0.19999999997355  
 0.015   300.00000008605  8.9080275783672e-14  0.80000000002641  0.19999999997355  
 0.0153125   300.00000008605  8.9080275783672e-14  0.80000000002641  0.19999999997355  
 0.015625   300.00000008605  8.9080275783672e-14  0.80000000002641  0.19999999997355  
 0.0159375   300.00000008605  8.9080275783672e-14  0.80000000002641  0.19999999997355  
 0.01625   300.00000008605  8.9080275783672e-14  0.80000000002641  0.19999999997355  
 0.0165625   300.00000008605  8.9080275783672e-14  0.80000000002641  0.19999999997355  
 0.016875   300.00000008605  8.9080275783672e-14  0.80000000002641  0.19999999997355  
 0.0171875   300.00000008605  8.9080275783672e-14  0.80000000002641  0.19999999997355  
 0.0175   300.00000008605  8.9080275783672e-14  0.80000000002641  0.19999999997355  
 0.0178125   300.00000008605  8.9080275783672e-14  0.80000000002641  0.19999999997355  
 0.018125   300.00000008605  8.9080275783672e-14  0.80000000002641  0.19999999997355  
 0.0184375   300.00000008605  8.9080275783672e-14  0.80000000002641  0.19999999997355  
 0.01875   300.00000008605  8.9080275783672e-14  0.80000000002641  0.19999999997355  
 0.0190625   300.00000008605  8.9080275783672e-14  0.80000000002641  0.19999999997355  
 0.019375   300.00000008605  8.9080275783672e-14  0.80000000002641  0.19999999997355  
 0.0196875   300.00000008605  8.9080275783672e-14  0.80000000002641  0.19999999997355  
 0.02   300  0  0.8  0.2  
