# TIME: 0.00054000000000001
#  x     Variables:...

 0   1000  0  0.8  0.2  
 0.0003125   701.69156455971  6.4204307784785e-05  0.81203115896176  0.18790463676529  
 0.000625   415.77902172217  3.1790594123723e-07  0.80069217360007  0.1993075084854  
 0.0009375   323.72232098505  1.1705573402131e-09  0.80003756465976  0.19996243416966  
 0.00125   303.74318946433  3.4899926803156e-12  0.80000190456791  0.1999980954286  
 0.0015625   300.48108189891  1.0436983998478e-13  0.80000008975192  0.19999991024798  
 0.001875   300.05215971637  8.9754939299548e-14  0.80000000394377  0.19999999605615  
 0.0021875   300.00488891821  8.9141017182294e-14  0.80000000016947  0.19999999983045  
 0.0025   300.00040351763  8.9085279021092e-14  0.80000000001448  0.19999999998544  
 0.0028125   300.00002977433  8.908064380451e-14  0.80000000000851  0.19999999999141  
 0.003125   300.00000200819  8.9080299607222e-14  0.8000000000083  0.19999999999163  
 0.0034375   300.00000014664  8.9080276540043e-14  0.80000000000829  0.19999999999163  
 0.00375   300.0000000329  8.9080275131177e-14  0.80000000000829  0.19999999999163  
 0.0040625   300.00000002651  8.9080275052114e-14  0.80000000000829  0.19999999999163  
 0.004375   300.00000002618  8.9080275048007e-14  0.80000000000829  0.19999999999163  
 0.0046875   300.00000002616  8.9080275047806e-14  0.80000000000829  0.19999999999163  
 0.005   300.00000002616  8.9080275047805e-14  0.80000000000829  0.19999999999163  
 0.0053125   300.00000002616  8.9080275047805e-14  0.80000000000829  0.19999999999163  
 0.005625   300.00000002616  8.9080275047805e-14  0.80000000000829  0.19999999999163  
 0.0059375   300.00000002616  8.9080275047805e-14  0.80000000000829  0.19999999999163  
 0.00625   300.00000002616  8.9080275047805e-14  0.80000000000829  0.19999999999163  
 0.0065625   300.00000002616  8.9080275047805e-14  0.80000000000829  0.19999999999163  
 0.006875   300.00000002616  8.9080275047805e-14  0.80000000000829  0.19999999999163  
 0.0071875   300.00000002616  8.9080275047805e-14  0.80000000000829  0.19999999999163  
 0.0075   300.00000002616  8.9080275047805e-14  0.80000000000829  0.19999999999163  
 0.0078125   300.00000002616  8.9080275047805e-14  0.80000000000829  0.19999999999163  
 0.008125   300.00000002616  8.9080275047805e-14  0.80000000000829  0.19999999999163  
 0.0084375   300.00000002616  8.9080275047805e-14  0.80000000000829  0.19999999999163  
 0.00875   300.00000002616  8.9080275047805e-14  0.80000000000829  0.19999999999163  
 0.0090625   300.00000002616  8.9080275047805e-14  0.80000000000829  0.19999999999163  
 0.009375   300.00000002616  8.9080275047805e-14  0.80000000000829  0.19999999999163  
 0.0096875   300.00000002616  8.9080275047805e-14  0.80000000000829  0.19999999999163  
 0.01   300.00000002616  8.9080275047805e-14  0.80000000000829  0.19999999999163  
 0.0103125   300.00000002616  8.9080275047805e-14  0.80000000000829  0.19999999999163  
 0.010625   300.00000002616  8.9080275047805e-14  0.80000000000829  0.19999999999163  
 0.0109375   300.00000002616  8.9080275047805e-14  0.80000000000829  0.19999999999163  
 0.01125   300.00000002616  8.9080275047805e-14  0.80000000000829  0.19999999999163  
 0.0115625   300.00000002616  8.9080275047805e-14  0.80000000000829  0.19999999999163  
 0.011875   300.00000002616  8.9080275047805e-14  0.80000000000829  0.19999999999163  
 0.0121875   300.00000002616  8.9080275047805e-14  0.80000000000829  0.19999999999163  
 0.0125   300.00000002616  8.9080275047805e-14  0.80000000000829  0.19999999999163  
 0.0128125   300.00000002616  8.9080275047805e-14  0.80000000000829  0.19999999999163  
 0.013125   300.00000002616  8.9080275047805e-14  0.80000000000829  0.19999999999163  
 0.0134375   300.00000002616  8.9080275047805e-14  0.80000000000829  0.19999999999163  
 0.01375   300.00000002616  8.9080275047805e-14  0.80000000000829  0.19999999999163  
 0.0140625   300.00000002616  8.9080275047805e-14  0.80000000000829  0.19999999999163  
 0.014375   300.00000002616  8.9080275047805e-14  0.80000000000829  0.19999999999163  
 0.0146875   300.00000002616  8.9080275047805e-14  0.80000000000829  0.19999999999163  
 0.015   300.00000002616  8.9080275047805e-14  0.80000000000829  0.19999999999163  
 0.0153125   300.00000002616  8.9080275047805e-14  0.80000000000829  0.19999999999163  
 0.015625   300.00000002616  8.9080275047805e-14  0.80000000000829  0.19999999999163  
 0.0159375   300.00000002616  8.9080275047805e-14  0.80000000000829  0.19999999999163  
 0.01625   300.00000002616  8.9080275047805e-14  0.80000000000829  0.19999999999163  
 0.0165625   300.00000002616  8.9080275047805e-14  0.80000000000829  0.19999999999163  
 0.016875   300.00000002616  8.9080275047805e-14  0.80000000000829  0.19999999999163  
 0.0171875   300.00000002616  8.9080275047805e-14  0.80000000000829  0.19999999999163  
 0.0175   300.00000002616  8.9080275047805e-14  0.80000000000829  0.19999999999163  
 0.0178125   300.00000002616  8.9080275047805e-14  0.80000000000829  0.19999999999163  
 0.018125   300.00000002616  8.9080275047805e-14  0.80000000000829  0.19999999999163  
 0.0184375   300.00000002616  8.9080275047805e-14  0.80000000000829  0.19999999999163  
 0.01875   300.00000002616  8.9080275047805e-14  0.80000000000829  0.19999999999163  
 0.0190625   300.00000002616  8.9080275047805e-14  0.80000000000829  0.19999999999163  
 0.019375   300.00000002616  8.9080275047805e-14  0.80000000000829  0.19999999999163  
 0.0196875   300.00000002616  8.9080275047805e-14  0.80000000000829  0.19999999999163  
 0.02   300  0  0.8  0.2  
