# TIME: 0.00046
#  x     Variables:...

 0   1000  0  0.8  0.2  
 0.0003125   638.36561892679  1.7146152223182e-05  0.80280602908806  0.19717682476805  
 0.000625   387.94805377072  8.8901379834745e-08  0.80014763338013  0.19985227771644  
 0.0009375   315.62322029309  3.0083935023204e-10  0.80000702271231  0.19999297698685  
 0.00125   302.12127769368  9.6261899640106e-13  0.80000030615113  0.19999969384791  
 0.0015625   300.2339517477  9.4337061660829e-14  0.80000001231313  0.19999998768678  
 0.001875   300.02173458497  8.9356658454198e-14  0.80000000046619  0.19999999953372  
 0.0021875   300.00174418232  8.9101922557378e-14  0.80000000002307  0.19999999997685  
 0.0025   300.00012321695  8.9081801929292e-14  0.8000000000076  0.19999999999232  
 0.0028125   300.00000779397  8.9080371277517e-14  0.8000000000071  0.19999999999282  
 0.003125   300.00000046522  8.9080280484868e-14  0.80000000000708  0.19999999999284  
 0.0034375   300.00000004521  8.9080275283953e-14  0.80000000000708  0.19999999999284  
 0.00375   300.00000002327  8.9080275012378e-14  0.80000000000708  0.19999999999284  
 0.0040625   300.00000002222  8.9080274999348e-14  0.80000000000708  0.19999999999284  
 0.004375   300.00000002217  8.9080274998766e-14  0.80000000000708  0.19999999999284  
 0.0046875   300.00000002217  8.9080274998747e-14  0.80000000000708  0.19999999999284  
 0.005   300.00000002217  8.9080274998747e-14  0.80000000000708  0.19999999999284  
 0.0053125   300.00000002217  8.9080274998747e-14  0.80000000000708  0.19999999999284  
 0.005625   300.00000002217  8.9080274998747e-14  0.80000000000708  0.19999999999284  
 0.0059375   300.00000002217  8.9080274998747e-14  0.80000000000708  0.19999999999284  
 0.00625   300.00000002217  8.9080274998747e-14  0.80000000000708  0.19999999999284  
 0.0065625   300.00000002217  8.9080274998747e-14  0.80000000000708  0.19999999999284  
 0.006875   300.00000002217  8.9080274998747e-14  0.80000000000708  0.19999999999284  
 0.0071875   300.00000002217  8.9080274998747e-14  0.80000000000708  0.19999999999284  
 0.0075   300.00000002217  8.9080274998747e-14  0.80000000000708  0.19999999999284  
 0.0078125   300.00000002217  8.9080274998747e-14  0.80000000000708  0.19999999999284  
 0.008125   300.00000002217  8.9080274998747e-14  0.80000000000708  0.19999999999284  
 0.0084375   300.00000002217  8.9080274998747e-14  0.80000000000708  0.19999999999284  
 0.00875   300.00000002217  8.9080274998747e-14  0.80000000000708  0.19999999999284  
 0.0090625   300.00000002217  8.9080274998747e-14  0.80000000000708  0.19999999999284  
 0.009375   300.00000002217  8.9080274998747e-14  0.80000000000708  0.19999999999284  
 0.0096875   300.00000002217  8.9080274998747e-14  0.80000000000708  0.19999999999284  
 0.01   300.00000002217  8.9080274998747e-14  0.80000000000708  0.19999999999284  
 0.0103125   300.00000002217  8.9080274998747e-14  0.80000000000708  0.19999999999284  
 0.010625   300.00000002217  8.9080274998747e-14  0.80000000000708  0.19999999999284  
 0.0109375   300.00000002217  8.9080274998747e-14  0.80000000000708  0.19999999999284  
 0.01125   300.00000002217  8.9080274998747e-14  0.80000000000708  0.19999999999284  
 0.0115625   300.00000002217  8.9080274998747e-14  0.80000000000708  0.19999999999284  
 0.011875   300.00000002217  8.9080274998747e-14  0.80000000000708  0.19999999999284  
 0.0121875   300.00000002217  8.9080274998747e-14  0.80000000000708  0.19999999999284  
 0.0125   300.00000002217  8.9080274998747e-14  0.80000000000708  0.19999999999284  
 0.0128125   300.00000002217  8.9080274998747e-14  0.80000000000708  0.19999999999284  
 0.013125   300.00000002217  8.9080274998747e-14  0.80000000000708  0.19999999999284  
 0.0134375   300.00000002217  8.9080274998747e-14  0.80000000000708  0.19999999999284  
 0.01375   300.00000002217  8.9080274998747e-14  0.80000000000708  0.19999999999284  
 0.0140625   300.00000002217  8.9080274998747e-14  0.80000000000708  0.19999999999284  
 0.014375   300.00000002217  8.9080274998747e-14  0.80000000000708  0.19999999999284  
 0.0146875   300.00000002217  8.9080274998747e-14  0.80000000000708  0.19999999999284  
 0.015   300.00000002217  8.9080274998747e-14  0.80000000000708  0.19999999999284  
 0.0153125   300.00000002217  8.9080274998747e-14  0.80000000000708  0.19999999999284  
 0.015625   300.00000002217  8.9080274998747e-14  0.80000000000708  0.19999999999284  
 0.0159375   300.00000002217  8.9080274998747e-14  0.80000000000708  0.19999999999284  
 0.01625   300.00000002217  8.9080274998747e-14  0.80000000000708  0.19999999999284  
 0.0165625   300.00000002217  8.9080274998747e-14  0.80000000000708  0.19999999999284  
 0.016875   300.00000002217  8.9080274998747e-14  0.80000000000708  0.19999999999284  
 0.0171875   300.00000002217  8.9080274998747e-14  0.80000000000708  0.19999999999284  
 0.0175   300.00000002217  8.9080274998747e-14  0.80000000000708  0.19999999999284  
 0.0178125   300.00000002217  8.9080274998747e-14  0.80000000000708  0.19999999999284  
 0.018125   300.00000002217  8.9080274998747e-14  0.80000000000708  0.19999999999284  
 0.0184375   300.00000002217  8.9080274998747e-14  0.80000000000708  0.19999999999284  
 0.01875   300.00000002217  8.9080274998747e-14  0.80000000000708  0.19999999999284  
 0.0190625   300.00000002217  8.9080274998747e-14  0.80000000000708  0.19999999999284  
 0.019375   300.00000002217  8.9080274998747e-14  0.80000000000708  0.19999999999284  
 0.0196875   300.00000002217  8.9080274998747e-14  0.80000000000708  0.19999999999284  
 0.02   300  0  0.8  0.2  
