# TIME: 0.0018999999999999
#  x     Variables:...

 0   1000  0  0.8  0.2  
 0.0003125   1161.104306945  0.00686592611153  0.99235943827068  0.00077532272104138  
 0.000625   1100.9417879197  0.0027734564210981  0.99711850607446  0.00010808968345309  
 0.0009375   998.69930138565  0.0012055053709162  0.99863855814086  0.00015596393977168  
 0.00125   951.0609366777  0.0016097695433751  0.99095503980676  0.0074351367680493  
 0.0015625   517.86525197458  7.1230453709525e-06  0.84233045118162  0.15766242488621  
 0.001875   362.63092160209  3.6658085911186e-08  0.80923530742496  0.19076465591622  
 0.0021875   316.12231401569  1.2713204325889e-10  0.80183934687129  0.19816065300158  
 0.0025   303.77325032423  5.170872703786e-13  0.80032716639254  0.19967283360695  
 0.0028125   300.81651564338  1.0080600342602e-13  0.80005244654407  0.19994755345584  
 0.003125   300.16492587653  9.1151923478478e-14  0.80000766006052  0.1999923399394  
 0.0034375   300.03124320218  8.9468774504772e-14  0.80000102796452  0.1999989720354  
 0.00375   300.00556568418  8.9149378748377e-14  0.80000012761381  0.19999987238612  
 0.0040625   300.00093411462  8.9091871213516e-14  0.80000001475791  0.19999998524203  
 0.004375   300.00014799741  8.9082112105434e-14  0.80000000161834  0.1999999983816  
 0.0046875   300.00002222797  8.9080550683234e-14  0.80000000018988  0.19999999981006  
 0.005   300.00000322958  8.9080314810494e-14  0.80000000004419  0.19999999995575  
 0.0053125   300.00000051525  8.9080281111004e-14  0.8000000000302  0.19999999996975  
 0.005625   300.00000014779  8.9080276549063e-14  0.80000000002893  0.19999999997102  
 0.0059375   300.00000010057  8.9080275962818e-14  0.80000000002883  0.19999999997113  
 0.00625   300.00000009479  8.9080275891157e-14  0.80000000002883  0.19999999997114  
 0.0065625   300.00000009412  8.9080275882812e-14  0.80000000002883  0.19999999997114  
 0.006875   300.00000009405  8.9080275881879e-14  0.80000000002883  0.19999999997114  
 0.0071875   300.00000009404  8.9080275881788e-14  0.80000000002883  0.19999999997114  
 0.0075   300.00000009404  8.9080275881788e-14  0.80000000002883  0.19999999997114  
 0.0078125   300.00000009404  8.9080275881788e-14  0.80000000002883  0.19999999997114  
 0.008125   300.00000009404  8.9080275881788e-14  0.80000000002883  0.19999999997114  
 0.0084375   300.00000009404  8.9080275881788e-14  0.80000000002883  0.19999999997114  
 0.00875   300.00000009404  8.9080275881788e-14  0.80000000002883  0.19999999997114  
 0.0090625   300.00000009404  8.9080275881788e-14  0.80000000002883  0.19999999997114  
 0.009375   300.00000009404  8.9080275881788e-14  0.80000000002883  0.19999999997114  
 0.0096875   300.00000009404  8.9080275881788e-14  0.80000000002883  0.19999999997114  
 0.01   300.00000009404  8.9080275881788e-14  0.80000000002883  0.19999999997114  
 0.0103125   300.00000009404  8.9080275881788e-14  0.80000000002883  0.19999999997114  
 0.010625   300.00000009404  8.9080275881788e-14  0.80000000002883  0.19999999997114  
 0.0109375   300.00000009404  8.9080275881788e-14  0.80000000002883  0.19999999997114  
 0.01125   300.00000009404  8.9080275881788e-14  0.80000000002883  0.19999999997114  
 0.0115625   300.00000009404  8.9080275881788e-14  0.80000000002883  0.19999999997114  
 0.011875   300.00000009404  8.9080275881788e-14  0.80000000002883  0.19999999997114  
 0.0121875   300.00000009404  8.9080275881788e-14  0.80000000002883  0.19999999997114  
 0.0125   300.00000009404  8.9080275881788e-14  0.80000000002883  0.19999999997114  
 0.0128125   300.00000009404  8.9080275881788e-14  0.80000000002883  0.19999999997114  
 0.013125   300.00000009404  8.9080275881788e-14  0.80000000002883  0.19999999997114  
 0.0134375   300.00000009404  8.9080275881788e-14  0.80000000002883  0.19999999997114  
 0.01375   300.00000009404  8.9080275881788e-14  0.80000000002883  0.19999999997114  
 0.0140625   300.00000009404  8.9080275881788e-14  0.80000000002883  0.19999999997114  
 0.014375   300.00000009404  8.9080275881788e-14  0.80000000002883  0.19999999997114  
 0.0146875   300.00000009404  8.9080275881788e-14  0.80000000002883  0.19999999997114  
 0.015   300.00000009404  8.9080275881788e-14  0.80000000002883  0.19999999997114  
 0.0153125   300.00000009404  8.9080275881788e-14  0.80000000002883  0.19999999997114  
 0.015625   300.00000009404  8.9080275881788e-14  0.80000000002883  0.19999999997114  
 0.0159375   300.00000009404  8.9080275881788e-14  0.80000000002883  0.19999999997114  
 0.01625   300.00000009404  8.9080275881788e-14  0.80000000002883  0.19999999997114  
 0.0165625   300.00000009404  8.9080275881788e-14  0.80000000002883  0.19999999997114  
 0.016875   300.00000009404  8.9080275881788e-14  0.80000000002883  0.19999999997114  
 0.0171875   300.00000009404  8.9080275881788e-14  0.80000000002883  0.19999999997114  
 0.0175   300.00000009404  8.9080275881788e-14  0.80000000002883  0.19999999997114  
 0.0178125   300.00000009404  8.9080275881788e-14  0.80000000002883  0.19999999997114  
 0.018125   300.00000009404  8.9080275881788e-14  0.80000000002883  0.19999999997114  
 0.0184375   300.00000009404  8.9080275881788e-14  0.80000000002883  0.19999999997114  
 0.01875   300.00000009404  8.9080275881788e-14  0.80000000002883  0.19999999997114  
 0.0190625   300.00000009404  8.9080275881788e-14  0.80000000002883  0.19999999997114  
 0.019375   300.00000009404  8.9080275881788e-14  0.80000000002883  0.19999999997114  
 0.0196875   300.00000009404  8.9080275881788e-14  0.80000000002883  0.19999999997114  
 0.02   300  0  0.8  0.2  
