# TIME: 0.00166
#  x     Variables:...

 0   1000  0  0.8  0.2  
 0.0003125   1152.3798188285  0.0065382006925416  0.99264038050158  0.00082198898278069  
 0.000625   1080.6514434423  0.0025308274429707  0.99734730342592  0.00012192102658163  
 0.0009375   978.04768412099  0.0014582340344166  0.99832575036249  0.00021601128591061  
 0.00125   657.20637881412  2.9287857016756e-05  0.87666431491757  0.12330636493053  
 0.0015625   411.88036792704  1.614037400207e-07  0.81759704937525  0.18240278921302  
 0.001875   328.45606401514  6.4355239091936e-10  0.80332559770267  0.19667440165375  
 0.0021875   306.48007191637  2.1590155295601e-12  0.8005501839848  0.19944981601305  
 0.0025   301.36196463696  1.1310911054764e-13  0.80008154569358  0.19991845430632  
 0.0028125   300.26643300041  9.2462070401451e-14  0.8000109334738  0.19998906652611  
 0.003125   300.04866470282  8.9686280590137e-14  0.80000133592277  0.19999866407716  
 0.0034375   300.00831464107  8.9183543932515e-14  0.80000014987502  0.19999985012491  
 0.00375   300.00133084075  8.909679822327e-14  0.80000001556686  0.19999998443307  
 0.0040625   300.00019990472  8.9082756636891e-14  0.80000000152514  0.19999999847479  
 0.004375   300.00002828082  8.9080625829906e-14  0.80000000016064  0.19999999983929  
 0.0046875   300.00000382941  8.9080322256638e-14  0.80000000003669  0.19999999996326  
 0.005   300.00000055204  8.908028156885e-14  0.80000000002611  0.19999999997384  
 0.0053125   300.00000013782  8.9080276426707e-14  0.80000000002526  0.19999999997469  
 0.005625   300.00000008833  8.9080275812448e-14  0.8000000000252  0.19999999997475  
 0.0059375   300.00000008273  8.9080275742922e-14  0.8000000000252  0.19999999997475  
 0.00625   300.00000008213  8.9080275735448e-14  0.8000000000252  0.19999999997475  
 0.0065625   300.00000008207  8.9080275734681e-14  0.8000000000252  0.19999999997475  
 0.006875   300.00000008206  8.9080275734615e-14  0.8000000000252  0.19999999997475  
 0.0071875   300.00000008206  8.9080275734614e-14  0.8000000000252  0.19999999997475  
 0.0075   300.00000008206  8.9080275734614e-14  0.8000000000252  0.19999999997475  
 0.0078125   300.00000008206  8.9080275734614e-14  0.8000000000252  0.19999999997475  
 0.008125   300.00000008206  8.9080275734614e-14  0.8000000000252  0.19999999997475  
 0.0084375   300.00000008206  8.9080275734614e-14  0.8000000000252  0.19999999997475  
 0.00875   300.00000008206  8.9080275734614e-14  0.8000000000252  0.19999999997475  
 0.0090625   300.00000008206  8.9080275734614e-14  0.8000000000252  0.19999999997475  
 0.009375   300.00000008206  8.9080275734614e-14  0.8000000000252  0.19999999997475  
 0.0096875   300.00000008206  8.9080275734614e-14  0.8000000000252  0.19999999997475  
 0.01   300.00000008206  8.9080275734614e-14  0.8000000000252  0.19999999997475  
 0.0103125   300.00000008206  8.9080275734614e-14  0.8000000000252  0.19999999997475  
 0.010625   300.00000008206  8.9080275734614e-14  0.8000000000252  0.19999999997475  
 0.0109375   300.00000008206  8.9080275734614e-14  0.8000000000252  0.19999999997475  
 0.01125   300.00000008206  8.9080275734614e-14  0.8000000000252  0.19999999997475  
 0.0115625   300.00000008206  8.9080275734614e-14  0.8000000000252  0.19999999997475  
 0.011875   300.00000008206  8.9080275734614e-14  0.8000000000252  0.19999999997475  
 0.0121875   300.00000008206  8.9080275734614e-14  0.8000000000252  0.19999999997475  
 0.0125   300.00000008206  8.9080275734614e-14  0.8000000000252  0.19999999997475  
 0.0128125   300.00000008206  8.9080275734614e-14  0.8000000000252  0.19999999997475  
 0.013125   300.00000008206  8.9080275734614e-14  0.8000000000252  0.19999999997475  
 0.0134375   300.00000008206  8.9080275734614e-14  0.8000000000252  0.19999999997475  
 0.01375   300.00000008206  8.9080275734614e-14  0.8000000000252  0.19999999997475  
 0.0140625   300.00000008206  8.9080275734614e-14  0.8000000000252  0.19999999997475  
 0.014375   300.00000008206  8.9080275734614e-14  0.8000000000252  0.19999999997475  
 0.0146875   300.00000008206  8.9080275734614e-14  0.8000000000252  0.19999999997475  
 0.015   300.00000008206  8.9080275734614e-14  0.8000000000252  0.19999999997475  
 0.0153125   300.00000008206  8.9080275734614e-14  0.8000000000252  0.19999999997475  
 0.015625   300.00000008206  8.9080275734614e-14  0.8000000000252  0.19999999997475  
 0.0159375   300.00000008206  8.9080275734614e-14  0.8000000000252  0.19999999997475  
 0.01625   300.00000008206  8.9080275734614e-14  0.8000000000252  0.19999999997475  
 0.0165625   300.00000008206  8.9080275734614e-14  0.8000000000252  0.19999999997475  
 0.016875   300.00000008206  8.9080275734614e-14  0.8000000000252  0.19999999997475  
 0.0171875   300.00000008206  8.9080275734614e-14  0.8000000000252  0.19999999997475  
 0.0175   300.00000008206  8.9080275734614e-14  0.8000000000252  0.19999999997475  
 0.0178125   300.00000008206  8.9080275734614e-14  0.8000000000252  0.19999999997475  
 0.018125   300.00000008206  8.9080275734614e-14  0.8000000000252  0.19999999997475  
 0.0184375   300.00000008206  8.9080275734614e-14  0.8000000000252  0.19999999997475  
 0.01875   300.00000008206  8.9080275734614e-14  0.8000000000252  0.19999999997475  
 0.0190625   300.00000008206  8.9080275734614e-14  0.8000000000252  0.19999999997475  
 0.019375   300.00000008206  8.9080275734614e-14  0.8000000000252  0.19999999997475  
 0.0196875   300.00000008206  8.9080275734614e-14  0.8000000000252  0.19999999997475  
 0.02   300  0  0.8  0.2  
