# TIME: 0.00254
#  x     Variables:...

 0   1000  0  0.8  0.2  
 0.0003125   1177.0770413612  0.0074817745778434  0.99182034768769  0.00069888724828156  
 0.000625   1143.1311350705  0.0033830315706288  0.99653041287088  8.6608445735003e-05  
 0.0009375   1073.3331666889  0.0014851063701422  0.99843164763892  8.3273588927249e-05  
 0.00125   988.46313930486  0.00070765606118558  0.99917657382898  0.00011578907338823  
 0.0015625   929.16700088998  0.0010130685526162  0.99867176629091  0.00031513737076079  
 0.001875   610.99327688976  1.1921400045942e-05  0.87172304633482  0.12826501967915  
 0.0021875   407.10802962986  6.8735297758659e-08  0.81937024210126  0.18062968916011  
 0.0025   332.25439181652  2.9144953500953e-10  0.8047639581532  0.19523604155535  
 0.0028125   308.8871556829  1.2108606627634e-12  0.80107751363625  0.19892248636255  
 0.003125   302.27065995595  1.2462057002956e-13  0.80022396363825  0.19977603636164  
 0.0034375   300.5422881555  9.6059454735826e-14  0.80004293183482  0.1999570681651  
 0.00375   300.12176167773  9.060220997334e-14  0.80000762866077  0.19999237133916  
 0.0040625   300.02581286085  8.9400958595173e-14  0.80000126273579  0.19999873726415  
 0.004375   300.00518331893  8.9144602238407e-14  0.80000019557642  0.19999980442351  
 0.0046875   300.00098845208  8.9092541820822e-14  0.80000002847921  0.19999997152073  
 0.005   300.00017944995  8.9082502097273e-14  0.80000000393762  0.19999999606232  
 0.0053125   300.00003114054  8.9080661287449e-14  0.80000000054396  0.19999999945599  
 0.005625   300.00000524682  8.9080339849817e-14  0.80000000010061  0.19999999989934  
 0.0059375   300.00000093427  8.9080286309685e-14  0.80000000004573  0.19999999995423  
 0.00625   300.0000002481  8.9080277790533e-14  0.80000000003928  0.19999999996069  
 0.0065625   300.00000014366  8.9080276493816e-14  0.80000000003856  0.19999999996141  
 0.006875   300.00000012844  8.9080276304754e-14  0.80000000003849  0.19999999996149  
 0.0071875   300.00000012631  8.908027627831e-14  0.80000000003849  0.19999999996149  
 0.0075   300.00000012602  8.9080276274757e-14  0.80000000003849  0.19999999996149  
 0.0078125   300.00000012598  8.9080276274296e-14  0.80000000003849  0.19999999996149  
 0.008125   300.00000012598  8.9080276274251e-14  0.80000000003849  0.19999999996149  
 0.0084375   300.00000012598  8.9080276274251e-14  0.80000000003849  0.19999999996149  
 0.00875   300.00000012598  8.9080276274251e-14  0.80000000003849  0.19999999996149  
 0.0090625   300.00000012598  8.9080276274251e-14  0.80000000003849  0.19999999996149  
 0.009375   300.00000012598  8.9080276274251e-14  0.80000000003849  0.19999999996149  
 0.0096875   300.00000012598  8.9080276274251e-14  0.80000000003849  0.19999999996149  
 0.01   300.00000012598  8.9080276274251e-14  0.80000000003849  0.19999999996149  
 0.0103125   300.00000012598  8.9080276274251e-14  0.80000000003849  0.19999999996149  
 0.010625   300.00000012598  8.9080276274251e-14  0.80000000003849  0.19999999996149  
 0.0109375   300.00000012598  8.9080276274251e-14  0.80000000003849  0.19999999996149  
 0.01125   300.00000012598  8.9080276274251e-14  0.80000000003849  0.19999999996149  
 0.0115625   300.00000012598  8.9080276274251e-14  0.80000000003849  0.19999999996149  
 0.011875   300.00000012598  8.9080276274251e-14  0.80000000003849  0.19999999996149  
 0.0121875   300.00000012598  8.9080276274251e-14  0.80000000003849  0.19999999996149  
 0.0125   300.00000012598  8.9080276274251e-14  0.80000000003849  0.19999999996149  
 0.0128125   300.00000012598  8.9080276274251e-14  0.80000000003849  0.19999999996149  
 0.013125   300.00000012598  8.9080276274251e-14  0.80000000003849  0.19999999996149  
 0.0134375   300.00000012598  8.9080276274251e-14  0.80000000003849  0.19999999996149  
 0.01375   300.00000012598  8.9080276274251e-14  0.80000000003849  0.19999999996149  
 0.0140625   300.00000012598  8.9080276274251e-14  0.80000000003849  0.19999999996149  
 0.014375   300.00000012598  8.9080276274251e-14  0.80000000003849  0.19999999996149  
 0.0146875   300.00000012598  8.9080276274251e-14  0.80000000003849  0.19999999996149  
 0.015   300.00000012598  8.9080276274251e-14  0.80000000003849  0.19999999996149  
 0.0153125   300.00000012598  8.9080276274251e-14  0.80000000003849  0.19999999996149  
 0.015625   300.00000012598  8.9080276274251e-14  0.80000000003849  0.19999999996149  
 0.0159375   300.00000012598  8.9080276274251e-14  0.80000000003849  0.19999999996149  
 0.01625   300.00000012598  8.9080276274251e-14  0.80000000003849  0.19999999996149  
 0.0165625   300.00000012598  8.9080276274251e-14  0.80000000003849  0.19999999996149  
 0.016875   300.00000012598  8.9080276274251e-14  0.80000000003849  0.19999999996149  
 0.0171875   300.00000012598  8.9080276274251e-14  0.80000000003849  0.19999999996149  
 0.0175   300.00000012598  8.9080276274251e-14  0.80000000003849  0.19999999996149  
 0.0178125   300.00000012598  8.9080276274251e-14  0.80000000003849  0.19999999996149  
 0.018125   300.00000012598  8.9080276274251e-14  0.80000000003849  0.19999999996149  
 0.0184375   300.00000012598  8.9080276274251e-14  0.80000000003849  0.19999999996149  
 0.01875   300.00000012598  8.9080276274251e-14  0.80000000003849  0.19999999996149  
 0.0190625   300.00000012598  8.9080276274251e-14  0.80000000003849  0.19999999996149  
 0.019375   300.00000012598  8.9080276274251e-14  0.80000000003849  0.19999999996149  
 0.0196875   300.00000012598  8.9080276274251e-14  0.80000000003849  0.19999999996149  
 0.02   300  0  0.8  0.2  
