# TIME: 0.0017999999999999
#  x     Variables:...

 0   1000  0  0.8  0.2  
 0.0003125   1157.7709365427  0.0067377222522014  0.99247014170545  0.00079277409436274  
 0.000625   1093.2499714753  0.0026711653042338  0.9972161100183  0.00011277673089555  
 0.0009375   983.90015605309  0.0012576064478112  0.99855701383238  0.00018539966334396  
 0.00125   774.62966530092  0.00021019741276891  0.91683532944182  0.082954423985736  
 0.0015625   462.94460079664  1.0272206053849e-06  0.82874923687649  0.17124973585459  
 0.001875   345.7538633409  4.637982990238e-09  0.80617776248721  0.19382223287469  
 0.0021875   311.22701548935  1.5113865774234e-11  0.80115088705128  0.19884911293361  
 0.0025   302.51078640424  1.6761204735399e-13  0.80019027296404  0.1998097270358  
 0.0028125   300.52104552476  9.5891461559064e-14  0.8000283919553  0.19997160804461  
 0.003125   300.10104281304  9.0342873726259e-14  0.80000386383897  0.19999613616096  
 0.0034375   300.01836813615  8.9308516492371e-14  0.8000004831891  0.19999951681083  
 0.00375   300.00313610692  8.9119211653281e-14  0.80000005589834  0.19999994410159  
 0.0040625   300.00050374147  8.908652869128e-14  0.80000000603631  0.19999999396362  
 0.004375   300.00007629608  8.9081221958756e-14  0.80000000063154  0.19999999936839  
 0.0046875   300.00001097078  8.9080410920637e-14  0.80000000008437  0.19999999991557  
 0.005   300.00000155808  8.9080294058263e-14  0.80000000003238  0.19999999996756  
 0.0053125   300.00000027691  8.9080278152582e-14  0.80000000002773  0.19999999997222  
 0.005625   300.00000011185  8.9080276103511e-14  0.80000000002734  0.19999999997261  
 0.0059375   300.00000009168  8.9080275853127e-14  0.80000000002732  0.19999999997264  
 0.00625   300.00000008934  8.9080275824046e-14  0.80000000002732  0.19999999997264  
 0.0065625   300.00000008908  8.9080275820828e-14  0.80000000002732  0.19999999997264  
 0.006875   300.00000008905  8.908027582048e-14  0.80000000002732  0.19999999997264  
 0.0071875   300.00000008905  8.9080275820466e-14  0.80000000002732  0.19999999997264  
 0.0075   300.00000008905  8.9080275820465e-14  0.80000000002732  0.19999999997264  
 0.0078125   300.00000008905  8.9080275820465e-14  0.80000000002732  0.19999999997264  
 0.008125   300.00000008905  8.9080275820465e-14  0.80000000002732  0.19999999997264  
 0.0084375   300.00000008905  8.9080275820465e-14  0.80000000002732  0.19999999997264  
 0.00875   300.00000008905  8.9080275820465e-14  0.80000000002732  0.19999999997264  
 0.0090625   300.00000008905  8.9080275820465e-14  0.80000000002732  0.19999999997264  
 0.009375   300.00000008905  8.9080275820465e-14  0.80000000002732  0.19999999997264  
 0.0096875   300.00000008905  8.9080275820465e-14  0.80000000002732  0.19999999997264  
 0.01   300.00000008905  8.9080275820465e-14  0.80000000002732  0.19999999997264  
 0.0103125   300.00000008905  8.9080275820465e-14  0.80000000002732  0.19999999997264  
 0.010625   300.00000008905  8.9080275820465e-14  0.80000000002732  0.19999999997264  
 0.0109375   300.00000008905  8.9080275820465e-14  0.80000000002732  0.19999999997264  
 0.01125   300.00000008905  8.9080275820465e-14  0.80000000002732  0.19999999997264  
 0.0115625   300.00000008905  8.9080275820465e-14  0.80000000002732  0.19999999997264  
 0.011875   300.00000008905  8.9080275820465e-14  0.80000000002732  0.19999999997264  
 0.0121875   300.00000008905  8.9080275820465e-14  0.80000000002732  0.19999999997264  
 0.0125   300.00000008905  8.9080275820465e-14  0.80000000002732  0.19999999997264  
 0.0128125   300.00000008905  8.9080275820465e-14  0.80000000002732  0.19999999997264  
 0.013125   300.00000008905  8.9080275820465e-14  0.80000000002732  0.19999999997264  
 0.0134375   300.00000008905  8.9080275820465e-14  0.80000000002732  0.19999999997264  
 0.01375   300.00000008905  8.9080275820465e-14  0.80000000002732  0.19999999997264  
 0.0140625   300.00000008905  8.9080275820465e-14  0.80000000002732  0.19999999997264  
 0.014375   300.00000008905  8.9080275820465e-14  0.80000000002732  0.19999999997264  
 0.0146875   300.00000008905  8.9080275820465e-14  0.80000000002732  0.19999999997264  
 0.015   300.00000008905  8.9080275820465e-14  0.80000000002732  0.19999999997264  
 0.0153125   300.00000008905  8.9080275820465e-14  0.80000000002732  0.19999999997264  
 0.015625   300.00000008905  8.9080275820465e-14  0.80000000002732  0.19999999997264  
 0.0159375   300.00000008905  8.9080275820465e-14  0.80000000002732  0.19999999997264  
 0.01625   300.00000008905  8.9080275820465e-14  0.80000000002732  0.19999999997264  
 0.0165625   300.00000008905  8.9080275820465e-14  0.80000000002732  0.19999999997264  
 0.016875   300.00000008905  8.9080275820465e-14  0.80000000002732  0.19999999997264  
 0.0171875   300.00000008905  8.9080275820465e-14  0.80000000002732  0.19999999997264  
 0.0175   300.00000008905  8.9080275820465e-14  0.80000000002732  0.19999999997264  
 0.0178125   300.00000008905  8.9080275820465e-14  0.80000000002732  0.19999999997264  
 0.018125   300.00000008905  8.9080275820465e-14  0.80000000002732  0.19999999997264  
 0.0184375   300.00000008905  8.9080275820465e-14  0.80000000002732  0.19999999997264  
 0.01875   300.00000008905  8.9080275820465e-14  0.80000000002732  0.19999999997264  
 0.0190625   300.00000008905  8.9080275820465e-14  0.80000000002732  0.19999999997264  
 0.019375   300.00000008905  8.9080275820465e-14  0.80000000002732  0.19999999997264  
 0.0196875   300.00000008905  8.9080275820465e-14  0.80000000002732  0.19999999997264  
 0.02   300  0  0.8  0.2  
