# TIME: 0.00108
#  x     Variables:...

 0   1000  0  0.8  0.2  
 0.0003125   1122.5392444974  0.005443776895232  0.99354133300205  0.0010151918164904  
 0.000625   1031.1573777536  0.0030159609243825  0.99677346071648  0.00021055766353835  
 0.0009375   557.91934336047  1.2578773144636e-05  0.84116268478744  0.15882471987224  
 0.00125   358.05690186131  6.5307850458866e-08  0.80539882410112  0.19460111058784  
 0.0015625   311.71670092306  2.1925158715292e-10  0.80059631109001  0.19940368869073  
 0.001875   302.19042918476  7.5906417386488e-13  0.80005844956604  0.1999415504332  
 0.0021875   300.37496627073  9.5671461476643e-14  0.80000511290343  0.19999488709648  
 0.0025   300.05840362013  8.981360895874e-14  0.80000040083122  0.1999995991687  
 0.0028125   300.00827752382  8.9183125695149e-14  0.80000002845094  0.19999997154898  
 0.003125   300.00107116815  8.9093573988909e-14  0.80000000186524  0.19999999813468  
 0.0034375   300.00012721488  8.9081853817958e-14  0.80000000012807  0.19999999987186  
 0.00375   300.00001397687  8.9080448180579e-14  0.80000000002277  0.19999999997716  
 0.0040625   300.00000146662  8.9080292918139e-14  0.80000000001678  0.19999999998316  
 0.004375   300.00000018681  8.9080277037514e-14  0.80000000001646  0.19999999998348  
 0.0046875   300.00000006495  8.9080275525723e-14  0.80000000001645  0.19999999998349  
 0.005   300.0000000541  8.9080275391146e-14  0.80000000001645  0.19999999998349  
 0.0053125   300.00000005319  8.9080275379892e-14  0.80000000001645  0.19999999998349  
 0.005625   300.00000005312  8.9080275379003e-14  0.80000000001645  0.19999999998349  
 0.0059375   300.00000005311  8.9080275378946e-14  0.80000000001645  0.19999999998349  
 0.00625   300.00000005311  8.9080275378946e-14  0.80000000001645  0.19999999998349  
 0.0065625   300.00000005311  8.9080275378946e-14  0.80000000001645  0.19999999998349  
 0.006875   300.00000005311  8.9080275378946e-14  0.80000000001645  0.19999999998349  
 0.0071875   300.00000005311  8.9080275378946e-14  0.80000000001645  0.19999999998349  
 0.0075   300.00000005311  8.9080275378946e-14  0.80000000001645  0.19999999998349  
 0.0078125   300.00000005311  8.9080275378946e-14  0.80000000001645  0.19999999998349  
 0.008125   300.00000005311  8.9080275378946e-14  0.80000000001645  0.19999999998349  
 0.0084375   300.00000005311  8.9080275378946e-14  0.80000000001645  0.19999999998349  
 0.00875   300.00000005311  8.9080275378946e-14  0.80000000001645  0.19999999998349  
 0.0090625   300.00000005311  8.9080275378946e-14  0.80000000001645  0.19999999998349  
 0.009375   300.00000005311  8.9080275378946e-14  0.80000000001645  0.19999999998349  
 0.0096875   300.00000005311  8.9080275378946e-14  0.80000000001645  0.19999999998349  
 0.01   300.00000005311  8.9080275378946e-14  0.80000000001645  0.19999999998349  
 0.0103125   300.00000005311  8.9080275378946e-14  0.80000000001645  0.19999999998349  
 0.010625   300.00000005311  8.9080275378946e-14  0.80000000001645  0.19999999998349  
 0.0109375   300.00000005311  8.9080275378946e-14  0.80000000001645  0.19999999998349  
 0.01125   300.00000005311  8.9080275378946e-14  0.80000000001645  0.19999999998349  
 0.0115625   300.00000005311  8.9080275378946e-14  0.80000000001645  0.19999999998349  
 0.011875   300.00000005311  8.9080275378946e-14  0.80000000001645  0.19999999998349  
 0.0121875   300.00000005311  8.9080275378946e-14  0.80000000001645  0.19999999998349  
 0.0125   300.00000005311  8.9080275378946e-14  0.80000000001645  0.19999999998349  
 0.0128125   300.00000005311  8.9080275378946e-14  0.80000000001645  0.19999999998349  
 0.013125   300.00000005311  8.9080275378946e-14  0.80000000001645  0.19999999998349  
 0.0134375   300.00000005311  8.9080275378946e-14  0.80000000001645  0.19999999998349  
 0.01375   300.00000005311  8.9080275378946e-14  0.80000000001645  0.19999999998349  
 0.0140625   300.00000005311  8.9080275378946e-14  0.80000000001645  0.19999999998349  
 0.014375   300.00000005311  8.9080275378946e-14  0.80000000001645  0.19999999998349  
 0.0146875   300.00000005311  8.9080275378946e-14  0.80000000001645  0.19999999998349  
 0.015   300.00000005311  8.9080275378946e-14  0.80000000001645  0.19999999998349  
 0.0153125   300.00000005311  8.9080275378946e-14  0.80000000001645  0.19999999998349  
 0.015625   300.00000005311  8.9080275378946e-14  0.80000000001645  0.19999999998349  
 0.0159375   300.00000005311  8.9080275378946e-14  0.80000000001645  0.19999999998349  
 0.01625   300.00000005311  8.9080275378946e-14  0.80000000001645  0.19999999998349  
 0.0165625   300.00000005311  8.9080275378946e-14  0.80000000001645  0.19999999998349  
 0.016875   300.00000005311  8.9080275378946e-14  0.80000000001645  0.19999999998349  
 0.0171875   300.00000005311  8.9080275378946e-14  0.80000000001645  0.19999999998349  
 0.0175   300.00000005311  8.9080275378946e-14  0.80000000001645  0.19999999998349  
 0.0178125   300.00000005311  8.9080275378946e-14  0.80000000001645  0.19999999998349  
 0.018125   300.00000005311  8.9080275378946e-14  0.80000000001645  0.19999999998349  
 0.0184375   300.00000005311  8.9080275378946e-14  0.80000000001645  0.19999999998349  
 0.01875   300.00000005311  8.9080275378946e-14  0.80000000001645  0.19999999998349  
 0.0190625   300.00000005311  8.9080275378946e-14  0.80000000001645  0.19999999998349  
 0.019375   300.00000005311  8.9080275378946e-14  0.80000000001645  0.19999999998349  
 0.0196875   300.00000005311  8.9080275378946e-14  0.80000000001645  0.19999999998349  
 0.02   300  0  0.8  0.2  
