# TIME: 0.00226
#  x     Variables:...

 0   1000  0  0.8  0.2  
 0.0003125   1171.0282557631  0.0072465452821066  0.99202776409863  0.00072655749412742  
 0.000625   1127.2270567607  0.0031323930412354  0.99677392491306  9.3734628976463e-05  
 0.0009375   1048.3771826168  0.0013174021284674  0.99858531846689  9.7306954539258e-05  
 0.00125   949.63008428449  0.00081274507742964  0.99898606140913  0.00020120178516276  
 0.0015625   740.03434851715  0.00012166202001823  0.91169620824012  0.088182089661371  
 0.001875   465.04755130315  6.3587055941362e-07  0.83151143227684  0.16848793181909  
 0.0021875   350.805071222  3.0427298308425e-09  0.80775650749065  0.19224348946653  
 0.0025   313.80004145385  1.0650453461617e-11  0.80169603202418  0.19830396796518  
 0.0028125   303.43460797838  1.7239137882298e-13  0.80033587824825  0.19966412175159  
 0.003125   300.7953373391  9.9569284958388e-14  0.8000608670509  0.19993913294902  
 0.0034375   300.17257700568  9.1245412564651e-14  0.80001015776647  0.19998984223345  
 0.00375   300.03524510939  8.9518483553096e-14  0.80000156951969  0.19999843048024  
 0.0040625   300.00679704195  8.9164649479288e-14  0.80000022569119  0.19999977430874  
 0.004375   300.00124095003  8.9095677397103e-14  0.80000003036576  0.19999996963417  
 0.0046875   300.00021497728  8.908294330991e-14  0.80000000386183  0.19999999613811  
 0.005   300.00003546221  8.9080714963231e-14  0.80000000048941  0.19999999951053  
 0.0053125   300.00000564611  8.9080344810569e-14  0.80000000008542  0.19999999991453  
 0.005625   300.00000093758  8.908028635259e-14  0.80000000003969  0.19999999996026  
 0.0059375   300.00000022953  8.9080277561703e-14  0.8000000000348  0.19999999996516  
 0.00625   300.00000012799  8.9080276301038e-14  0.8000000000343  0.19999999996566  
 0.0065625   300.00000011409  8.9080276128381e-14  0.80000000003426  0.19999999996571  
 0.006875   300.00000011226  8.9080276105758e-14  0.80000000003426  0.19999999996571  
 0.0071875   300.00000011204  8.9080276102917e-14  0.80000000003426  0.19999999996571  
 0.0075   300.00000011201  8.9080276102566e-14  0.80000000003426  0.19999999996571  
 0.0078125   300.00000011201  8.9080276102548e-14  0.80000000003426  0.19999999996571  
 0.008125   300.00000011201  8.9080276102548e-14  0.80000000003426  0.19999999996571  
 0.0084375   300.00000011201  8.9080276102548e-14  0.80000000003426  0.19999999996571  
 0.00875   300.00000011201  8.9080276102548e-14  0.80000000003426  0.19999999996571  
 0.0090625   300.00000011201  8.9080276102548e-14  0.80000000003426  0.19999999996571  
 0.009375   300.00000011201  8.9080276102548e-14  0.80000000003426  0.19999999996571  
 0.0096875   300.00000011201  8.9080276102548e-14  0.80000000003426  0.19999999996571  
 0.01   300.00000011201  8.9080276102548e-14  0.80000000003426  0.19999999996571  
 0.0103125   300.00000011201  8.9080276102548e-14  0.80000000003426  0.19999999996571  
 0.010625   300.00000011201  8.9080276102548e-14  0.80000000003426  0.19999999996571  
 0.0109375   300.00000011201  8.9080276102548e-14  0.80000000003426  0.19999999996571  
 0.01125   300.00000011201  8.9080276102548e-14  0.80000000003426  0.19999999996571  
 0.0115625   300.00000011201  8.9080276102548e-14  0.80000000003426  0.19999999996571  
 0.011875   300.00000011201  8.9080276102548e-14  0.80000000003426  0.19999999996571  
 0.0121875   300.00000011201  8.9080276102548e-14  0.80000000003426  0.19999999996571  
 0.0125   300.00000011201  8.9080276102548e-14  0.80000000003426  0.19999999996571  
 0.0128125   300.00000011201  8.9080276102548e-14  0.80000000003426  0.19999999996571  
 0.013125   300.00000011201  8.9080276102548e-14  0.80000000003426  0.19999999996571  
 0.0134375   300.00000011201  8.9080276102548e-14  0.80000000003426  0.19999999996571  
 0.01375   300.00000011201  8.9080276102548e-14  0.80000000003426  0.19999999996571  
 0.0140625   300.00000011201  8.9080276102548e-14  0.80000000003426  0.19999999996571  
 0.014375   300.00000011201  8.9080276102548e-14  0.80000000003426  0.19999999996571  
 0.0146875   300.00000011201  8.9080276102548e-14  0.80000000003426  0.19999999996571  
 0.015   300.00000011201  8.9080276102548e-14  0.80000000003426  0.19999999996571  
 0.0153125   300.00000011201  8.9080276102548e-14  0.80000000003426  0.19999999996571  
 0.015625   300.00000011201  8.9080276102548e-14  0.80000000003426  0.19999999996571  
 0.0159375   300.00000011201  8.9080276102548e-14  0.80000000003426  0.19999999996571  
 0.01625   300.00000011201  8.9080276102548e-14  0.80000000003426  0.19999999996571  
 0.0165625   300.00000011201  8.9080276102548e-14  0.80000000003426  0.19999999996571  
 0.016875   300.00000011201  8.9080276102548e-14  0.80000000003426  0.19999999996571  
 0.0171875   300.00000011201  8.9080276102548e-14  0.80000000003426  0.19999999996571  
 0.0175   300.00000011201  8.9080276102548e-14  0.80000000003426  0.19999999996571  
 0.0178125   300.00000011201  8.9080276102548e-14  0.80000000003426  0.19999999996571  
 0.018125   300.00000011201  8.9080276102548e-14  0.80000000003426  0.19999999996571  
 0.0184375   300.00000011201  8.9080276102548e-14  0.80000000003426  0.19999999996571  
 0.01875   300.00000011201  8.9080276102548e-14  0.80000000003426  0.19999999996571  
 0.0190625   300.00000011201  8.9080276102548e-14  0.80000000003426  0.19999999996571  
 0.019375   300.00000011201  8.9080276102548e-14  0.80000000003426  0.19999999996571  
 0.0196875   300.00000011201  8.9080276102548e-14  0.80000000003426  0.19999999996571  
 0.02   300  0  0.8  0.2  
