# TIME: 0.00060000000000001
#  x     Variables:...

 0   1000  0  0.8  0.2  
 0.0003125   823.98082221323  0.00043285255528967  0.8492042840654  0.15036286353284  
 0.000625   441.64452607847  1.7436602498933e-06  0.80230199480429  0.19769626149884  
 0.0009375   331.21061892894  6.2931789735317e-09  0.8001216339881  0.19987835971864  
 0.00125   305.41116447195  1.7452214857238e-11  0.8000064922173  0.19999350776525  
 0.0015625   300.76785510714  1.4387620643344e-13  0.8000003323905  0.19999966760936  
 0.001875   300.09208762449  9.0346795460257e-14  0.80000001605805  0.19999998394187  
 0.0021875   300.00955570932  8.919924331604e-14  0.80000000073711  0.19999999926281  
 0.0025   300.00087353148  8.9091112234457e-14  0.80000000004022  0.19999999995969  
 0.0028125   300.00007137467  8.9081159800456e-14  0.80000000001044  0.19999999998948  
 0.003125   300.00000529585  8.9080340370318e-14  0.80000000000924  0.19999999999068  
 0.0034375   300.00000038386  8.9080279479901e-14  0.8000000000092  0.19999999999073  
 0.00375   300.00000005112  8.9080275356693e-14  0.8000000000092  0.19999999999073  
 0.0040625   300.00000003042  8.9080275100186e-14  0.8000000000092  0.19999999999073  
 0.004375   300.00000002922  8.9080275085424e-14  0.8000000000092  0.19999999999073  
 0.0046875   300.00000002916  8.9080275084632e-14  0.8000000000092  0.19999999999073  
 0.005   300.00000002916  8.9080275084599e-14  0.8000000000092  0.19999999999073  
 0.0053125   300.00000002916  8.9080275084599e-14  0.8000000000092  0.19999999999073  
 0.005625   300.00000002916  8.9080275084599e-14  0.8000000000092  0.19999999999073  
 0.0059375   300.00000002916  8.9080275084599e-14  0.8000000000092  0.19999999999073  
 0.00625   300.00000002916  8.9080275084599e-14  0.8000000000092  0.19999999999073  
 0.0065625   300.00000002916  8.9080275084599e-14  0.8000000000092  0.19999999999073  
 0.006875   300.00000002916  8.9080275084599e-14  0.8000000000092  0.19999999999073  
 0.0071875   300.00000002916  8.9080275084599e-14  0.8000000000092  0.19999999999073  
 0.0075   300.00000002916  8.9080275084599e-14  0.8000000000092  0.19999999999073  
 0.0078125   300.00000002916  8.9080275084599e-14  0.8000000000092  0.19999999999073  
 0.008125   300.00000002916  8.9080275084599e-14  0.8000000000092  0.19999999999073  
 0.0084375   300.00000002916  8.9080275084599e-14  0.8000000000092  0.19999999999073  
 0.00875   300.00000002916  8.9080275084599e-14  0.8000000000092  0.19999999999073  
 0.0090625   300.00000002916  8.9080275084599e-14  0.8000000000092  0.19999999999073  
 0.009375   300.00000002916  8.9080275084599e-14  0.8000000000092  0.19999999999073  
 0.0096875   300.00000002916  8.9080275084599e-14  0.8000000000092  0.19999999999073  
 0.01   300.00000002916  8.9080275084599e-14  0.8000000000092  0.19999999999073  
 0.0103125   300.00000002916  8.9080275084599e-14  0.8000000000092  0.19999999999073  
 0.010625   300.00000002916  8.9080275084599e-14  0.8000000000092  0.19999999999073  
 0.0109375   300.00000002916  8.9080275084599e-14  0.8000000000092  0.19999999999073  
 0.01125   300.00000002916  8.9080275084599e-14  0.8000000000092  0.19999999999073  
 0.0115625   300.00000002916  8.9080275084599e-14  0.8000000000092  0.19999999999073  
 0.011875   300.00000002916  8.9080275084599e-14  0.8000000000092  0.19999999999073  
 0.0121875   300.00000002916  8.9080275084599e-14  0.8000000000092  0.19999999999073  
 0.0125   300.00000002916  8.9080275084599e-14  0.8000000000092  0.19999999999073  
 0.0128125   300.00000002916  8.9080275084599e-14  0.8000000000092  0.19999999999073  
 0.013125   300.00000002916  8.9080275084599e-14  0.8000000000092  0.19999999999073  
 0.0134375   300.00000002916  8.9080275084599e-14  0.8000000000092  0.19999999999073  
 0.01375   300.00000002916  8.9080275084599e-14  0.8000000000092  0.19999999999073  
 0.0140625   300.00000002916  8.9080275084599e-14  0.8000000000092  0.19999999999073  
 0.014375   300.00000002916  8.9080275084599e-14  0.8000000000092  0.19999999999073  
 0.0146875   300.00000002916  8.9080275084599e-14  0.8000000000092  0.19999999999073  
 0.015   300.00000002916  8.9080275084599e-14  0.8000000000092  0.19999999999073  
 0.0153125   300.00000002916  8.9080275084599e-14  0.8000000000092  0.19999999999073  
 0.015625   300.00000002916  8.9080275084599e-14  0.8000000000092  0.19999999999073  
 0.0159375   300.00000002916  8.9080275084599e-14  0.8000000000092  0.19999999999073  
 0.01625   300.00000002916  8.9080275084599e-14  0.8000000000092  0.19999999999073  
 0.0165625   300.00000002916  8.9080275084599e-14  0.8000000000092  0.19999999999073  
 0.016875   300.00000002916  8.9080275084599e-14  0.8000000000092  0.19999999999073  
 0.0171875   300.00000002916  8.9080275084599e-14  0.8000000000092  0.19999999999073  
 0.0175   300.00000002916  8.9080275084599e-14  0.8000000000092  0.19999999999073  
 0.0178125   300.00000002916  8.9080275084599e-14  0.8000000000092  0.19999999999073  
 0.018125   300.00000002916  8.9080275084599e-14  0.8000000000092  0.19999999999073  
 0.0184375   300.00000002916  8.9080275084599e-14  0.8000000000092  0.19999999999073  
 0.01875   300.00000002916  8.9080275084599e-14  0.8000000000092  0.19999999999073  
 0.0190625   300.00000002916  8.9080275084599e-14  0.8000000000092  0.19999999999073  
 0.019375   300.00000002916  8.9080275084599e-14  0.8000000000092  0.19999999999073  
 0.0196875   300.00000002916  8.9080275084599e-14  0.8000000000092  0.19999999999073  
 0.02   300  0  0.8  0.2  
