# TIME: 0.0014
#  x     Variables:...

 0   1000  0  0.8  0.2  
 0.0003125   1140.5853406355  0.0061396494541204  0.99297089037129  0.00088990721319868  
 0.000625   1039.0981386001  0.0023800841151926  0.99744726746877  0.00017269952512316  
 0.0009375   956.07422802968  0.0017222982977987  0.9780359065565  0.020241734484998  
 0.00125   482.65368689107  7.3677051746627e-06  0.82977975116201  0.17021288076065  
 0.0015625   345.50542557013  3.1937854853239e-08  0.80512454872988  0.19487541933181  
 0.001875   310.11571344338  9.734199366398e-11  0.80077834539547  0.19922165450719  
 0.0021875   302.04583239239  3.8124838429757e-13  0.80010271178805  0.19989728821158  
 0.0025   300.38194096996  9.4641878131914e-14  0.80001199066388  0.19998800933603  
 0.0028125   300.06612274487  8.9906691777774e-14  0.80000126044021  0.19999873955971  
 0.003125   300.01062384365  8.9212273552331e-14  0.80000012088738  0.19999987911255  
 0.0034375   300.00158526074  8.9099958932356e-14  0.80000001069473  0.19999998930519  
 0.00375   300.00022008918  8.9083007227154e-14  0.80000000089557  0.19999999910436  
 0.0040625   300.00002854571  8.9080629094005e-14  0.8000000000881  0.19999999991184  
 0.004375   300.00000351611  8.9080318363103e-14  0.80000000002606  0.19999999997388  
 0.0046875   300.00000046056  8.9080280433906e-14  0.80000000002159  0.19999999997835  
 0.005   300.00000011093  8.9080276094445e-14  0.80000000002129  0.19999999997865  
 0.0053125   300.00000007331  8.9080275627561e-14  0.80000000002128  0.19999999997867  
 0.005625   300.00000006949  8.9080275580172e-14  0.80000000002128  0.19999999997867  
 0.0059375   300.00000006912  8.9080275575619e-14  0.80000000002128  0.19999999997867  
 0.00625   300.00000006909  8.90802755752e-14  0.80000000002128  0.19999999997867  
 0.0065625   300.00000006908  8.9080275575176e-14  0.80000000002128  0.19999999997867  
 0.006875   300.00000006908  8.9080275575176e-14  0.80000000002128  0.19999999997867  
 0.0071875   300.00000006908  8.9080275575176e-14  0.80000000002128  0.19999999997867  
 0.0075   300.00000006908  8.9080275575176e-14  0.80000000002128  0.19999999997867  
 0.0078125   300.00000006908  8.9080275575176e-14  0.80000000002128  0.19999999997867  
 0.008125   300.00000006908  8.9080275575176e-14  0.80000000002128  0.19999999997867  
 0.0084375   300.00000006908  8.9080275575176e-14  0.80000000002128  0.19999999997867  
 0.00875   300.00000006908  8.9080275575176e-14  0.80000000002128  0.19999999997867  
 0.0090625   300.00000006908  8.9080275575176e-14  0.80000000002128  0.19999999997867  
 0.009375   300.00000006908  8.9080275575176e-14  0.80000000002128  0.19999999997867  
 0.0096875   300.00000006908  8.9080275575176e-14  0.80000000002128  0.19999999997867  
 0.01   300.00000006908  8.9080275575176e-14  0.80000000002128  0.19999999997867  
 0.0103125   300.00000006908  8.9080275575176e-14  0.80000000002128  0.19999999997867  
 0.010625   300.00000006908  8.9080275575176e-14  0.80000000002128  0.19999999997867  
 0.0109375   300.00000006908  8.9080275575176e-14  0.80000000002128  0.19999999997867  
 0.01125   300.00000006908  8.9080275575176e-14  0.80000000002128  0.19999999997867  
 0.0115625   300.00000006908  8.9080275575176e-14  0.80000000002128  0.19999999997867  
 0.011875   300.00000006908  8.9080275575176e-14  0.80000000002128  0.19999999997867  
 0.0121875   300.00000006908  8.9080275575176e-14  0.80000000002128  0.19999999997867  
 0.0125   300.00000006908  8.9080275575176e-14  0.80000000002128  0.19999999997867  
 0.0128125   300.00000006908  8.9080275575176e-14  0.80000000002128  0.19999999997867  
 0.013125   300.00000006908  8.9080275575176e-14  0.80000000002128  0.19999999997867  
 0.0134375   300.00000006908  8.9080275575176e-14  0.80000000002128  0.19999999997867  
 0.01375   300.00000006908  8.9080275575176e-14  0.80000000002128  0.19999999997867  
 0.0140625   300.00000006908  8.9080275575176e-14  0.80000000002128  0.19999999997867  
 0.014375   300.00000006908  8.9080275575176e-14  0.80000000002128  0.19999999997867  
 0.0146875   300.00000006908  8.9080275575176e-14  0.80000000002128  0.19999999997867  
 0.015   300.00000006908  8.9080275575176e-14  0.80000000002128  0.19999999997867  
 0.0153125   300.00000006908  8.9080275575176e-14  0.80000000002128  0.19999999997867  
 0.015625   300.00000006908  8.9080275575176e-14  0.80000000002128  0.19999999997867  
 0.0159375   300.00000006908  8.9080275575176e-14  0.80000000002128  0.19999999997867  
 0.01625   300.00000006908  8.9080275575176e-14  0.80000000002128  0.19999999997867  
 0.0165625   300.00000006908  8.9080275575176e-14  0.80000000002128  0.19999999997867  
 0.016875   300.00000006908  8.9080275575176e-14  0.80000000002128  0.19999999997867  
 0.0171875   300.00000006908  8.9080275575176e-14  0.80000000002128  0.19999999997867  
 0.0175   300.00000006908  8.9080275575176e-14  0.80000000002128  0.19999999997867  
 0.0178125   300.00000006908  8.9080275575176e-14  0.80000000002128  0.19999999997867  
 0.018125   300.00000006908  8.9080275575176e-14  0.80000000002128  0.19999999997867  
 0.0184375   300.00000006908  8.9080275575176e-14  0.80000000002128  0.19999999997867  
 0.01875   300.00000006908  8.9080275575176e-14  0.80000000002128  0.19999999997867  
 0.0190625   300.00000006908  8.9080275575176e-14  0.80000000002128  0.19999999997867  
 0.019375   300.00000006908  8.9080275575176e-14  0.80000000002128  0.19999999997867  
 0.0196875   300.00000006908  8.9080275575176e-14  0.80000000002128  0.19999999997867  
 0.02   300  0  0.8  0.2  
