# TIME: 0.00082000000000001
#  x     Variables:...

 0   1000  0  0.8  0.2  
 0.0003125   1105.2364527672  0.0056202336290533  0.99327594662223  0.0011039768166366  
 0.000625   660.37249272565  4.1058608168744e-05  0.84864779846466  0.15131110917499  
 0.0009375   386.41219750649  2.1700606330353e-07  0.80555815677065  0.19444162621335  
 0.00125   317.32722076305  7.554360298954e-10  0.8004613147666  0.19953868447793  
 0.0015625   303.08381586274  2.3019171984423e-12  0.80003077445911  0.19996922553859  
 0.001875   300.48500378804  1.012947662081e-13  0.80000177642127  0.19999822357863  
 0.0021875   300.06729453944  8.9936415590674e-14  0.80000009384754  0.19999990615238  
 0.0025   300.00829116452  8.9183310849204e-14  0.80000000473196  0.19999999526795  
 0.0028125   300.000915822  8.9091641872186e-14  0.80000000024355  0.19999999975637  
 0.003125   300.00009159393  8.9081411209957e-14  0.80000000002359  0.19999999997634  
 0.0034375   300.00000839626  8.908037887415e-14  0.80000000001303  0.1999999999869  
 0.00375   300.00000074163  8.9080283919014e-14  0.80000000001254  0.19999999998739  
 0.0040625   300.00000009465  8.9080275895411e-14  0.80000000001252  0.19999999998741  
 0.004375   300.00000004408  8.9080275268388e-14  0.80000000001252  0.19999999998741  
 0.0046875   300.0000000404  8.9080275222807e-14  0.80000000001252  0.19999999998741  
 0.005   300.00000004015  8.9080275219709e-14  0.80000000001252  0.19999999998741  
 0.0053125   300.00000004014  8.9080275219508e-14  0.80000000001252  0.19999999998741  
 0.005625   300.00000004014  8.9080275219507e-14  0.80000000001252  0.19999999998741  
 0.0059375   300.00000004014  8.9080275219507e-14  0.80000000001252  0.19999999998741  
 0.00625   300.00000004014  8.9080275219507e-14  0.80000000001252  0.19999999998741  
 0.0065625   300.00000004014  8.9080275219507e-14  0.80000000001252  0.19999999998741  
 0.006875   300.00000004014  8.9080275219507e-14  0.80000000001252  0.19999999998741  
 0.0071875   300.00000004014  8.9080275219507e-14  0.80000000001252  0.19999999998741  
 0.0075   300.00000004014  8.9080275219507e-14  0.80000000001252  0.19999999998741  
 0.0078125   300.00000004014  8.9080275219507e-14  0.80000000001252  0.19999999998741  
 0.008125   300.00000004014  8.9080275219507e-14  0.80000000001252  0.19999999998741  
 0.0084375   300.00000004014  8.9080275219507e-14  0.80000000001252  0.19999999998741  
 0.00875   300.00000004014  8.9080275219507e-14  0.80000000001252  0.19999999998741  
 0.0090625   300.00000004014  8.9080275219507e-14  0.80000000001252  0.19999999998741  
 0.009375   300.00000004014  8.9080275219507e-14  0.80000000001252  0.19999999998741  
 0.0096875   300.00000004014  8.9080275219507e-14  0.80000000001252  0.19999999998741  
 0.01   300.00000004014  8.9080275219507e-14  0.80000000001252  0.19999999998741  
 0.0103125   300.00000004014  8.9080275219507e-14  0.80000000001252  0.19999999998741  
 0.010625   300.00000004014  8.9080275219507e-14  0.80000000001252  0.19999999998741  
 0.0109375   300.00000004014  8.9080275219507e-14  0.80000000001252  0.19999999998741  
 0.01125   300.00000004014  8.9080275219507e-14  0.80000000001252  0.19999999998741  
 0.0115625   300.00000004014  8.9080275219507e-14  0.80000000001252  0.19999999998741  
 0.011875   300.00000004014  8.9080275219507e-14  0.80000000001252  0.19999999998741  
 0.0121875   300.00000004014  8.9080275219507e-14  0.80000000001252  0.19999999998741  
 0.0125   300.00000004014  8.9080275219507e-14  0.80000000001252  0.19999999998741  
 0.0128125   300.00000004014  8.9080275219507e-14  0.80000000001252  0.19999999998741  
 0.013125   300.00000004014  8.9080275219507e-14  0.80000000001252  0.19999999998741  
 0.0134375   300.00000004014  8.9080275219507e-14  0.80000000001252  0.19999999998741  
 0.01375   300.00000004014  8.9080275219507e-14  0.80000000001252  0.19999999998741  
 0.0140625   300.00000004014  8.9080275219507e-14  0.80000000001252  0.19999999998741  
 0.014375   300.00000004014  8.9080275219507e-14  0.80000000001252  0.19999999998741  
 0.0146875   300.00000004014  8.9080275219507e-14  0.80000000001252  0.19999999998741  
 0.015   300.00000004014  8.9080275219507e-14  0.80000000001252  0.19999999998741  
 0.0153125   300.00000004014  8.9080275219507e-14  0.80000000001252  0.19999999998741  
 0.015625   300.00000004014  8.9080275219507e-14  0.80000000001252  0.19999999998741  
 0.0159375   300.00000004014  8.9080275219507e-14  0.80000000001252  0.19999999998741  
 0.01625   300.00000004014  8.9080275219507e-14  0.80000000001252  0.19999999998741  
 0.0165625   300.00000004014  8.9080275219507e-14  0.80000000001252  0.19999999998741  
 0.016875   300.00000004014  8.9080275219507e-14  0.80000000001252  0.19999999998741  
 0.0171875   300.00000004014  8.9080275219507e-14  0.80000000001252  0.19999999998741  
 0.0175   300.00000004014  8.9080275219507e-14  0.80000000001252  0.19999999998741  
 0.0178125   300.00000004014  8.9080275219507e-14  0.80000000001252  0.19999999998741  
 0.018125   300.00000004014  8.9080275219507e-14  0.80000000001252  0.19999999998741  
 0.0184375   300.00000004014  8.9080275219507e-14  0.80000000001252  0.19999999998741  
 0.01875   300.00000004014  8.9080275219507e-14  0.80000000001252  0.19999999998741  
 0.0190625   300.00000004014  8.9080275219507e-14  0.80000000001252  0.19999999998741  
 0.019375   300.00000004014  8.9080275219507e-14  0.80000000001252  0.19999999998741  
 0.0196875   300.00000004014  8.9080275219507e-14  0.80000000001252  0.19999999998741  
 0.02   300  0  0.8  0.2  
