# TIME: 0.00236
#  x     Variables:...

 0   1000  0  0.8  0.2  
 0.0003125   1173.3425565376  0.0073359674289944  0.99194914995304  0.00071580018609606  
 0.000625   1133.3267649328  0.0032257024676312  0.99668346881649  9.0881407806446e-05  
 0.0009375   1057.4091957273  0.0013744179033594  0.99853386999592  9.1739668890265e-05  
 0.00125   959.22502037112  0.00073805249037358  0.99909197180792  0.00016999333754512  
 0.0015625   873.84023848386  0.00074385420123724  0.96498564464852  0.034270453736435  
 0.001875   508.87291086718  3.3996612990162e-06  0.84260463492427  0.15739196520162  
 0.0021875   366.72978942657  1.7132354825838e-08  0.81083250131613  0.18916748155114  
 0.0025   318.93101515541  6.0590036505977e-11  0.80249751415408  0.19750248578533  
 0.0028125   304.89730893365  3.4771732996309e-13  0.80052132845253  0.19947867154713  
 0.003125   301.17548947016  1.0534312952203e-13  0.80009948280861  0.1999005171913  
 0.0034375   300.26413653743  9.2414986634549e-14  0.80001748603769  0.19998251396224  
 0.00375   300.05585084108  8.9775511737696e-14  0.8000028472511  0.19999715274883  
 0.0040625   300.01115279628  8.9218737218013e-14  0.80000043162229  0.19999956837764  
 0.004375   300.00210908676  8.9106450879679e-14  0.80000006121052  0.19999993878942  
 0.0046875   300.00037860176  8.9084974064337e-14  0.80000000817729  0.19999999182265  
 0.005   300.00006469655  8.9081077851962e-14  0.80000000105687  0.19999999894307  
 0.0053125   300.00001060978  8.9080406432157e-14  0.80000000015684  0.19999999984311  
 0.005625   300.00000174277  8.9080296348806e-14  0.80000000004936  0.19999999995059  
 0.0059375   300.00000035754  8.9080279150442e-14  0.8000000000372  0.19999999996275  
 0.00625   300.00000015103  8.9080276586402e-14  0.8000000000359  0.19999999996406  
 0.0065625   300.00000012161  8.9080276221103e-14  0.80000000003578  0.19999999996419  
 0.006875   300.00000011759  8.9080276171292e-14  0.80000000003577  0.1999999999642  
 0.0071875   300.00000011707  8.9080276164783e-14  0.80000000003577  0.1999999999642  
 0.0075   300.000000117  8.9080276163962e-14  0.80000000003577  0.1999999999642  
 0.0078125   300.000000117  8.9080276163871e-14  0.80000000003577  0.1999999999642  
 0.008125   300.000000117  8.9080276163871e-14  0.80000000003577  0.1999999999642  
 0.0084375   300.000000117  8.9080276163871e-14  0.80000000003577  0.1999999999642  
 0.00875   300.000000117  8.9080276163871e-14  0.80000000003577  0.1999999999642  
 0.0090625   300.000000117  8.9080276163871e-14  0.80000000003577  0.1999999999642  
 0.009375   300.000000117  8.9080276163871e-14  0.80000000003577  0.1999999999642  
 0.0096875   300.000000117  8.9080276163871e-14  0.80000000003577  0.1999999999642  
 0.01   300.000000117  8.9080276163871e-14  0.80000000003577  0.1999999999642  
 0.0103125   300.000000117  8.9080276163871e-14  0.80000000003577  0.1999999999642  
 0.010625   300.000000117  8.9080276163871e-14  0.80000000003577  0.1999999999642  
 0.0109375   300.000000117  8.9080276163871e-14  0.80000000003577  0.1999999999642  
 0.01125   300.000000117  8.9080276163871e-14  0.80000000003577  0.1999999999642  
 0.0115625   300.000000117  8.9080276163871e-14  0.80000000003577  0.1999999999642  
 0.011875   300.000000117  8.9080276163871e-14  0.80000000003577  0.1999999999642  
 0.0121875   300.000000117  8.9080276163871e-14  0.80000000003577  0.1999999999642  
 0.0125   300.000000117  8.9080276163871e-14  0.80000000003577  0.1999999999642  
 0.0128125   300.000000117  8.9080276163871e-14  0.80000000003577  0.1999999999642  
 0.013125   300.000000117  8.9080276163871e-14  0.80000000003577  0.1999999999642  
 0.0134375   300.000000117  8.9080276163871e-14  0.80000000003577  0.1999999999642  
 0.01375   300.000000117  8.9080276163871e-14  0.80000000003577  0.1999999999642  
 0.0140625   300.000000117  8.9080276163871e-14  0.80000000003577  0.1999999999642  
 0.014375   300.000000117  8.9080276163871e-14  0.80000000003577  0.1999999999642  
 0.0146875   300.000000117  8.9080276163871e-14  0.80000000003577  0.1999999999642  
 0.015   300.000000117  8.9080276163871e-14  0.80000000003577  0.1999999999642  
 0.0153125   300.000000117  8.9080276163871e-14  0.80000000003577  0.1999999999642  
 0.015625   300.000000117  8.9080276163871e-14  0.80000000003577  0.1999999999642  
 0.0159375   300.000000117  8.9080276163871e-14  0.80000000003577  0.1999999999642  
 0.01625   300.000000117  8.9080276163871e-14  0.80000000003577  0.1999999999642  
 0.0165625   300.000000117  8.9080276163871e-14  0.80000000003577  0.1999999999642  
 0.016875   300.000000117  8.9080276163871e-14  0.80000000003577  0.1999999999642  
 0.0171875   300.000000117  8.9080276163871e-14  0.80000000003577  0.1999999999642  
 0.0175   300.000000117  8.9080276163871e-14  0.80000000003577  0.1999999999642  
 0.0178125   300.000000117  8.9080276163871e-14  0.80000000003577  0.1999999999642  
 0.018125   300.000000117  8.9080276163871e-14  0.80000000003577  0.1999999999642  
 0.0184375   300.000000117  8.9080276163871e-14  0.80000000003577  0.1999999999642  
 0.01875   300.000000117  8.9080276163871e-14  0.80000000003577  0.1999999999642  
 0.0190625   300.000000117  8.9080276163871e-14  0.80000000003577  0.1999999999642  
 0.019375   300.000000117  8.9080276163871e-14  0.80000000003577  0.1999999999642  
 0.0196875   300.000000117  8.9080276163871e-14  0.80000000003577  0.1999999999642  
 0.02   300  0  0.8  0.2  
