# TIME: 0.00248
#  x     Variables:...

 0   1000  0  0.8  0.2  
 0.0003125   1175.8893579312  0.0074352452484223  0.99186152738794  0.0007042061349838  
 0.000625   1139.9994412902  0.003332146901682  0.996579965667  8.794025359304e-05  
 0.0009375   1068.0367179269  0.001447328590346  0.99846673598991  8.5963009838913e-05  
 0.00125   979.66120368601  0.00070811378145557  0.99916238896946  0.00012951624649897  
 0.0015625   934.36998300346  0.0012203448754146  0.99819036510381  0.00058925163232249  
 0.001875   578.84820654618  8.0664934244852e-06  0.86199303626583  0.13799889112723  
 0.0021875   391.95726236953  4.6524472741245e-08  0.81606020375318  0.18393974972041  
 0.0025   327.12043984522  1.8904007058267e-10  0.80386353922693  0.19613646058403  
 0.0028125   307.32617559197  8.2666057268212e-13  0.80085276158215  0.19914723841703  
 0.003125   301.83434976256  1.1655161818813e-13  0.8001725203695  0.1998274796304  
 0.0034375   300.42941476483  9.4564101703438e-14  0.80003216023045  0.19996783976947  
 0.00375   300.09453718861  9.0259889361368e-14  0.80000555573081  0.19999444426912  
 0.0040625   300.01965315755  8.9324358693717e-14  0.80000089388157  0.19999910611836  
 0.004375   300.00386991433  8.9128302300305e-14  0.80000013455919  0.19999986544074  
 0.0046875   300.00072359828  8.9089255347331e-14  0.80000001905036  0.19999998094958  
 0.005   300.00012879807  8.9081873468689e-14  0.80000000257027  0.19999999742968  
 0.0053125   300.00002193152  8.9080546976759e-14  0.80000000035658  0.19999999964337  
 0.005625   300.00000365046  8.9080320032107e-14  0.80000000007566  0.19999999992429  
 0.0059375   300.00000066824  8.9080283007239e-14  0.80000000004189  0.19999999995807  
 0.00625   300.00000020364  8.9080277238798e-14  0.80000000003803  0.19999999996193  
 0.0065625   300.00000013441  8.908027637936e-14  0.80000000003762  0.19999999996235  
 0.006875   300.00000012454  8.9080276256737e-14  0.80000000003758  0.19999999996239  
 0.0071875   300.00000012319  8.9080276239962e-14  0.80000000003758  0.19999999996239  
 0.0075   300.00000012301  8.9080276237757e-14  0.80000000003758  0.19999999996239  
 0.0078125   300.00000012299  8.9080276237461e-14  0.80000000003758  0.19999999996239  
 0.008125   300.00000012299  8.9080276237457e-14  0.80000000003758  0.19999999996239  
 0.0084375   300.00000012299  8.9080276237457e-14  0.80000000003758  0.19999999996239  
 0.00875   300.00000012299  8.9080276237457e-14  0.80000000003758  0.19999999996239  
 0.0090625   300.00000012299  8.9080276237457e-14  0.80000000003758  0.19999999996239  
 0.009375   300.00000012299  8.9080276237457e-14  0.80000000003758  0.19999999996239  
 0.0096875   300.00000012299  8.9080276237457e-14  0.80000000003758  0.19999999996239  
 0.01   300.00000012299  8.9080276237457e-14  0.80000000003758  0.19999999996239  
 0.0103125   300.00000012299  8.9080276237457e-14  0.80000000003758  0.19999999996239  
 0.010625   300.00000012299  8.9080276237457e-14  0.80000000003758  0.19999999996239  
 0.0109375   300.00000012299  8.9080276237457e-14  0.80000000003758  0.19999999996239  
 0.01125   300.00000012299  8.9080276237457e-14  0.80000000003758  0.19999999996239  
 0.0115625   300.00000012299  8.9080276237457e-14  0.80000000003758  0.19999999996239  
 0.011875   300.00000012299  8.9080276237457e-14  0.80000000003758  0.19999999996239  
 0.0121875   300.00000012299  8.9080276237457e-14  0.80000000003758  0.19999999996239  
 0.0125   300.00000012299  8.9080276237457e-14  0.80000000003758  0.19999999996239  
 0.0128125   300.00000012299  8.9080276237457e-14  0.80000000003758  0.19999999996239  
 0.013125   300.00000012299  8.9080276237457e-14  0.80000000003758  0.19999999996239  
 0.0134375   300.00000012299  8.9080276237457e-14  0.80000000003758  0.19999999996239  
 0.01375   300.00000012299  8.9080276237457e-14  0.80000000003758  0.19999999996239  
 0.0140625   300.00000012299  8.9080276237457e-14  0.80000000003758  0.19999999996239  
 0.014375   300.00000012299  8.9080276237457e-14  0.80000000003758  0.19999999996239  
 0.0146875   300.00000012299  8.9080276237457e-14  0.80000000003758  0.19999999996239  
 0.015   300.00000012299  8.9080276237457e-14  0.80000000003758  0.19999999996239  
 0.0153125   300.00000012299  8.9080276237457e-14  0.80000000003758  0.19999999996239  
 0.015625   300.00000012299  8.9080276237457e-14  0.80000000003758  0.19999999996239  
 0.0159375   300.00000012299  8.9080276237457e-14  0.80000000003758  0.19999999996239  
 0.01625   300.00000012299  8.9080276237457e-14  0.80000000003758  0.19999999996239  
 0.0165625   300.00000012299  8.9080276237457e-14  0.80000000003758  0.19999999996239  
 0.016875   300.00000012299  8.9080276237457e-14  0.80000000003758  0.19999999996239  
 0.0171875   300.00000012299  8.9080276237457e-14  0.80000000003758  0.19999999996239  
 0.0175   300.00000012299  8.9080276237457e-14  0.80000000003758  0.19999999996239  
 0.0178125   300.00000012299  8.9080276237457e-14  0.80000000003758  0.19999999996239  
 0.018125   300.00000012299  8.9080276237457e-14  0.80000000003758  0.19999999996239  
 0.0184375   300.00000012299  8.9080276237457e-14  0.80000000003758  0.19999999996239  
 0.01875   300.00000012299  8.9080276237457e-14  0.80000000003758  0.19999999996239  
 0.0190625   300.00000012299  8.9080276237457e-14  0.80000000003758  0.19999999996239  
 0.019375   300.00000012299  8.9080276237457e-14  0.80000000003758  0.19999999996239  
 0.0196875   300.00000012299  8.9080276237457e-14  0.80000000003758  0.19999999996239  
 0.02   300  0  0.8  0.2  
