# TIME: 0.00086000000000001
#  x     Variables:...

 0   1000  0  0.8  0.2  
 0.0003125   1102.7014922046  0.0054433683069138  0.99342614384544  0.0011306740050245  
 0.000625   703.87636479518  7.7260183994018e-05  0.86046383537862  0.13945886358019  
 0.0009375   401.60517117191  3.9979533759163e-07  0.80770185352188  0.19229774666721  
 0.00125   321.01349600202  1.4326611264984e-09  0.80073134637513  0.19926865219216  
 0.0015625   303.84575715751  4.2568959408507e-12  0.80005542421066  0.19994457578509  
 0.001875   300.6258621719  1.0843914142292e-13  0.80000356317214  0.19999643682776  
 0.0021875   300.0903804995  9.024048204501e-14  0.80000020416501  0.1999997958349  
 0.0025   300.0116287684  8.9224854028745e-14  0.80000001085367  0.19999998914625  
 0.0028125   300.00134360207  8.9096953733079e-14  0.80000000056199  0.19999999943793  
 0.003125   300.00014065525  8.9082020170698e-14  0.80000000004006  0.19999999995987  
 0.0034375   300.00001348205  8.9080441983429e-14  0.8000000000144  0.19999999998552  
 0.00375   300.0000012239  8.9080289901774e-14  0.80000000001318  0.19999999998675  
 0.0040625   300.00000013834  8.9080276436975e-14  0.80000000001312  0.19999999998681  
 0.004375   300.00000004942  8.9080275334414e-14  0.80000000001312  0.19999999998681  
 0.0046875   300.00000004265  8.9080275250434e-14  0.80000000001312  0.19999999998681  
 0.005   300.00000004217  8.9080275244455e-14  0.80000000001312  0.19999999998681  
 0.0053125   300.00000004214  8.9080275244051e-14  0.80000000001312  0.19999999998681  
 0.005625   300.00000004213  8.9080275244037e-14  0.80000000001312  0.19999999998681  
 0.0059375   300.00000004213  8.9080275244037e-14  0.80000000001312  0.19999999998681  
 0.00625   300.00000004213  8.9080275244037e-14  0.80000000001312  0.19999999998681  
 0.0065625   300.00000004213  8.9080275244037e-14  0.80000000001312  0.19999999998681  
 0.006875   300.00000004213  8.9080275244037e-14  0.80000000001312  0.19999999998681  
 0.0071875   300.00000004213  8.9080275244037e-14  0.80000000001312  0.19999999998681  
 0.0075   300.00000004213  8.9080275244037e-14  0.80000000001312  0.19999999998681  
 0.0078125   300.00000004213  8.9080275244037e-14  0.80000000001312  0.19999999998681  
 0.008125   300.00000004213  8.9080275244037e-14  0.80000000001312  0.19999999998681  
 0.0084375   300.00000004213  8.9080275244037e-14  0.80000000001312  0.19999999998681  
 0.00875   300.00000004213  8.9080275244037e-14  0.80000000001312  0.19999999998681  
 0.0090625   300.00000004213  8.9080275244037e-14  0.80000000001312  0.19999999998681  
 0.009375   300.00000004213  8.9080275244037e-14  0.80000000001312  0.19999999998681  
 0.0096875   300.00000004213  8.9080275244037e-14  0.80000000001312  0.19999999998681  
 0.01   300.00000004213  8.9080275244037e-14  0.80000000001312  0.19999999998681  
 0.0103125   300.00000004213  8.9080275244037e-14  0.80000000001312  0.19999999998681  
 0.010625   300.00000004213  8.9080275244037e-14  0.80000000001312  0.19999999998681  
 0.0109375   300.00000004213  8.9080275244037e-14  0.80000000001312  0.19999999998681  
 0.01125   300.00000004213  8.9080275244037e-14  0.80000000001312  0.19999999998681  
 0.0115625   300.00000004213  8.9080275244037e-14  0.80000000001312  0.19999999998681  
 0.011875   300.00000004213  8.9080275244037e-14  0.80000000001312  0.19999999998681  
 0.0121875   300.00000004213  8.9080275244037e-14  0.80000000001312  0.19999999998681  
 0.0125   300.00000004213  8.9080275244037e-14  0.80000000001312  0.19999999998681  
 0.0128125   300.00000004213  8.9080275244037e-14  0.80000000001312  0.19999999998681  
 0.013125   300.00000004213  8.9080275244037e-14  0.80000000001312  0.19999999998681  
 0.0134375   300.00000004213  8.9080275244037e-14  0.80000000001312  0.19999999998681  
 0.01375   300.00000004213  8.9080275244037e-14  0.80000000001312  0.19999999998681  
 0.0140625   300.00000004213  8.9080275244037e-14  0.80000000001312  0.19999999998681  
 0.014375   300.00000004213  8.9080275244037e-14  0.80000000001312  0.19999999998681  
 0.0146875   300.00000004213  8.9080275244037e-14  0.80000000001312  0.19999999998681  
 0.015   300.00000004213  8.9080275244037e-14  0.80000000001312  0.19999999998681  
 0.0153125   300.00000004213  8.9080275244037e-14  0.80000000001312  0.19999999998681  
 0.015625   300.00000004213  8.9080275244037e-14  0.80000000001312  0.19999999998681  
 0.0159375   300.00000004213  8.9080275244037e-14  0.80000000001312  0.19999999998681  
 0.01625   300.00000004213  8.9080275244037e-14  0.80000000001312  0.19999999998681  
 0.0165625   300.00000004213  8.9080275244037e-14  0.80000000001312  0.19999999998681  
 0.016875   300.00000004213  8.9080275244037e-14  0.80000000001312  0.19999999998681  
 0.0171875   300.00000004213  8.9080275244037e-14  0.80000000001312  0.19999999998681  
 0.0175   300.00000004213  8.9080275244037e-14  0.80000000001312  0.19999999998681  
 0.0178125   300.00000004213  8.9080275244037e-14  0.80000000001312  0.19999999998681  
 0.018125   300.00000004213  8.9080275244037e-14  0.80000000001312  0.19999999998681  
 0.0184375   300.00000004213  8.9080275244037e-14  0.80000000001312  0.19999999998681  
 0.01875   300.00000004213  8.9080275244037e-14  0.80000000001312  0.19999999998681  
 0.0190625   300.00000004213  8.9080275244037e-14  0.80000000001312  0.19999999998681  
 0.019375   300.00000004213  8.9080275244037e-14  0.80000000001312  0.19999999998681  
 0.0196875   300.00000004213  8.9080275244037e-14  0.80000000001312  0.19999999998681  
 0.02   300  0  0.8  0.2  
