# TIME: 0.00176
#  x     Variables:...

 0   1000  0  0.8  0.2  
 0.0003125   1156.3233326898  0.006682966726281  0.99251714678857  0.00080050504406836  
 0.000625   1089.9821779833  0.0026303063128952  0.99725481583768  0.00011492985411231  
 0.0009375   981.06616003437  0.0012977729869331  0.99850758021999  0.0001946607627092  
 0.00125   730.60456495541  0.00010586889492147  0.90088267481904  0.099011411546431  
 0.0015625   446.79772102842  5.463684165321e-07  0.82507500141332  0.1749244521923  
 0.001875   340.18806933953  2.3979053461486e-09  0.80522772202205  0.19477227557998  
 0.0021875   309.64741934747  7.8389921267425e-12  0.80094220570723  0.19905779428494  
 0.0025   302.11869799397  1.4073106924959e-13  0.80015103371351  0.19984896628636  
 0.0028125   300.43237659254  9.466343586606e-14  0.80002187727  0.19997812272992  
 0.003125   300.08246143468  9.0109382945729e-14  0.80000289055388  0.19999710944604  
 0.0034375   300.01473568126  8.9263346868822e-14  0.80000035088964  0.19999964911029  
 0.00375   300.0024715889  8.9110961202938e-14  0.8000000394058  0.19999996059413  
 0.0040625   300.00038974921  8.9085113547016e-14  0.80000000413757  0.19999999586236  
 0.004375   300.00005792803  8.9080993915624e-14  0.80000000042799  0.19999999957195  
 0.0046875   300.00000818474  8.9080376330345e-14  0.8000000000635  0.19999999993644  
 0.005   300.00000115831  8.9080289095213e-14  0.80000000002988  0.19999999997007  
 0.0053125   300.00000022124  8.9080277461739e-14  0.80000000002696  0.19999999997299  
 0.005625   300.000000103  8.9080275993906e-14  0.80000000002672  0.19999999997323  
 0.0059375   300.00000008885  8.9080275818297e-14  0.80000000002671  0.19999999997325  
 0.00625   300.00000008724  8.9080275798332e-14  0.80000000002671  0.19999999997325  
 0.0065625   300.00000008707  8.9080275796169e-14  0.80000000002671  0.19999999997325  
 0.006875   300.00000008705  8.9080275795938e-14  0.80000000002671  0.19999999997325  
 0.0071875   300.00000008705  8.9080275795937e-14  0.80000000002671  0.19999999997325  
 0.0075   300.00000008705  8.9080275795937e-14  0.80000000002671  0.19999999997325  
 0.0078125   300.00000008705  8.9080275795937e-14  0.80000000002671  0.19999999997325  
 0.008125   300.00000008705  8.9080275795937e-14  0.80000000002671  0.19999999997325  
 0.0084375   300.00000008705  8.9080275795937e-14  0.80000000002671  0.19999999997325  
 0.00875   300.00000008705  8.9080275795937e-14  0.80000000002671  0.19999999997325  
 0.0090625   300.00000008705  8.9080275795937e-14  0.80000000002671  0.19999999997325  
 0.009375   300.00000008705  8.9080275795937e-14  0.80000000002671  0.19999999997325  
 0.0096875   300.00000008705  8.9080275795937e-14  0.80000000002671  0.19999999997325  
 0.01   300.00000008705  8.9080275795937e-14  0.80000000002671  0.19999999997325  
 0.0103125   300.00000008705  8.9080275795937e-14  0.80000000002671  0.19999999997325  
 0.010625   300.00000008705  8.9080275795937e-14  0.80000000002671  0.19999999997325  
 0.0109375   300.00000008705  8.9080275795937e-14  0.80000000002671  0.19999999997325  
 0.01125   300.00000008705  8.9080275795937e-14  0.80000000002671  0.19999999997325  
 0.0115625   300.00000008705  8.9080275795937e-14  0.80000000002671  0.19999999997325  
 0.011875   300.00000008705  8.9080275795937e-14  0.80000000002671  0.19999999997325  
 0.0121875   300.00000008705  8.9080275795937e-14  0.80000000002671  0.19999999997325  
 0.0125   300.00000008705  8.9080275795937e-14  0.80000000002671  0.19999999997325  
 0.0128125   300.00000008705  8.9080275795937e-14  0.80000000002671  0.19999999997325  
 0.013125   300.00000008705  8.9080275795937e-14  0.80000000002671  0.19999999997325  
 0.0134375   300.00000008705  8.9080275795937e-14  0.80000000002671  0.19999999997325  
 0.01375   300.00000008705  8.9080275795937e-14  0.80000000002671  0.19999999997325  
 0.0140625   300.00000008705  8.9080275795937e-14  0.80000000002671  0.19999999997325  
 0.014375   300.00000008705  8.9080275795937e-14  0.80000000002671  0.19999999997325  
 0.0146875   300.00000008705  8.9080275795937e-14  0.80000000002671  0.19999999997325  
 0.015   300.00000008705  8.9080275795937e-14  0.80000000002671  0.19999999997325  
 0.0153125   300.00000008705  8.9080275795937e-14  0.80000000002671  0.19999999997325  
 0.015625   300.00000008705  8.9080275795937e-14  0.80000000002671  0.19999999997325  
 0.0159375   300.00000008705  8.9080275795937e-14  0.80000000002671  0.19999999997325  
 0.01625   300.00000008705  8.9080275795937e-14  0.80000000002671  0.19999999997325  
 0.0165625   300.00000008705  8.9080275795937e-14  0.80000000002671  0.19999999997325  
 0.016875   300.00000008705  8.9080275795937e-14  0.80000000002671  0.19999999997325  
 0.0171875   300.00000008705  8.9080275795937e-14  0.80000000002671  0.19999999997325  
 0.0175   300.00000008705  8.9080275795937e-14  0.80000000002671  0.19999999997325  
 0.0178125   300.00000008705  8.9080275795937e-14  0.80000000002671  0.19999999997325  
 0.018125   300.00000008705  8.9080275795937e-14  0.80000000002671  0.19999999997325  
 0.0184375   300.00000008705  8.9080275795937e-14  0.80000000002671  0.19999999997325  
 0.01875   300.00000008705  8.9080275795937e-14  0.80000000002671  0.19999999997325  
 0.0190625   300.00000008705  8.9080275795937e-14  0.80000000002671  0.19999999997325  
 0.019375   300.00000008705  8.9080275795937e-14  0.80000000002671  0.19999999997325  
 0.0196875   300.00000008705  8.9080275795937e-14  0.80000000002671  0.19999999997325  
 0.02   300  0  0.8  0.2  
