# TIME: 0.0029000000000001
#  x     Variables:...

 0   1000  0  0.8  0.2  
 0.0003125   1183.2319722207  0.0077239647169401  0.99160501419169  0.00067221678262986  
 0.000625   1159.6549325694  0.0036572913561851  0.99626278366918  7.9978248608914e-05  
 0.0009375   1101.6917362074  0.0017165683377203  0.99821229314669  7.116614699859e-05  
 0.00125   1025.7263089016  0.000787112326678  0.99913151165782  8.139493886927e-05  
 0.0015625   939.01574739954  0.00049992655474663  0.99933543085516  0.00016465606628474  
 0.001875   894.53220552053  0.00092033100779378  0.98130732590718  0.017772301170422  
 0.0021875   534.37100972729  4.5494200305887e-06  0.85147830316486  0.14851714699337  
 0.0025   381.38471736046  2.4845004884416e-08  0.81447657998618  0.1855233951682  
 0.0028125   325.44958555278  9.700038686729e-11  0.80378394885994  0.19621605104307  
 0.003125   307.30302016321  5.3146161036861e-13  0.80090987119643  0.19909012880306  
 0.0034375   301.95186444618  1.1753614114026e-13  0.8002023129522  0.1997976870477  
 0.00375   300.48980505674  9.5354758757981e-14  0.80004181350327  0.19995818649665  
 0.0040625   300.1159672661  9.0528830759262e-14  0.80000806625455  0.19999193374538  
 0.004375   300.02599889901  8.9403200899941e-14  0.80000145786659  0.19999854213334  
 0.0046875   300.00553580169  8.9148964249737e-14  0.80000024775081  0.19999975224913  
 0.005   300.00112236119  8.90942013174e-14  0.80000003974352  0.19999996025642  
 0.0053125   300.00021721435  8.9082970450172e-14  0.80000000606339  0.19999999393656  
 0.005625   300.00004027949  8.908077468138e-14  0.80000000090978  0.19999999909017  
 0.0059375   300.00000724865  8.9080364694038e-14  0.80000000016235  0.1999999998376  
 0.00625   300.00000134969  8.9080291464631e-14  0.80000000005934  0.19999999994062  
 0.0065625   300.00000034037  8.9080278933852e-14  0.80000000004582  0.19999999995415  
 0.006875   300.0000001747  8.9080276876864e-14  0.80000000004413  0.19999999995584  
 0.0071875   300.00000014858  8.9080276552526e-14  0.80000000004394  0.19999999995604  
 0.0075   300.00000014462  8.9080276503342e-14  0.80000000004393  0.19999999995606  
 0.0078125   300.00000014404  8.908027649616e-14  0.80000000004393  0.19999999995606  
 0.008125   300.00000014396  8.9080276495148e-14  0.80000000004393  0.19999999995606  
 0.0084375   300.00000014395  8.9080276495012e-14  0.80000000004393  0.19999999995606  
 0.00875   300.00000014395  8.9080276495011e-14  0.80000000004393  0.19999999995606  
 0.0090625   300.00000014395  8.9080276495011e-14  0.80000000004393  0.19999999995606  
 0.009375   300.00000014395  8.9080276495011e-14  0.80000000004393  0.19999999995606  
 0.0096875   300.00000014395  8.9080276495011e-14  0.80000000004393  0.19999999995606  
 0.01   300.00000014395  8.9080276495011e-14  0.80000000004393  0.19999999995606  
 0.0103125   300.00000014395  8.9080276495011e-14  0.80000000004393  0.19999999995606  
 0.010625   300.00000014395  8.9080276495011e-14  0.80000000004393  0.19999999995606  
 0.0109375   300.00000014395  8.9080276495011e-14  0.80000000004393  0.19999999995606  
 0.01125   300.00000014395  8.9080276495011e-14  0.80000000004393  0.19999999995606  
 0.0115625   300.00000014395  8.9080276495011e-14  0.80000000004393  0.19999999995606  
 0.011875   300.00000014395  8.9080276495011e-14  0.80000000004393  0.19999999995606  
 0.0121875   300.00000014395  8.9080276495011e-14  0.80000000004393  0.19999999995606  
 0.0125   300.00000014395  8.9080276495011e-14  0.80000000004393  0.19999999995606  
 0.0128125   300.00000014395  8.9080276495011e-14  0.80000000004393  0.19999999995606  
 0.013125   300.00000014395  8.9080276495011e-14  0.80000000004393  0.19999999995606  
 0.0134375   300.00000014395  8.9080276495011e-14  0.80000000004393  0.19999999995606  
 0.01375   300.00000014395  8.9080276495011e-14  0.80000000004393  0.19999999995606  
 0.0140625   300.00000014395  8.9080276495011e-14  0.80000000004393  0.19999999995606  
 0.014375   300.00000014395  8.9080276495011e-14  0.80000000004393  0.19999999995606  
 0.0146875   300.00000014395  8.9080276495011e-14  0.80000000004393  0.19999999995606  
 0.015   300.00000014395  8.9080276495011e-14  0.80000000004393  0.19999999995606  
 0.0153125   300.00000014395  8.9080276495011e-14  0.80000000004393  0.19999999995606  
 0.015625   300.00000014395  8.9080276495011e-14  0.80000000004393  0.19999999995606  
 0.0159375   300.00000014395  8.9080276495011e-14  0.80000000004393  0.19999999995606  
 0.01625   300.00000014395  8.9080276495011e-14  0.80000000004393  0.19999999995606  
 0.0165625   300.00000014395  8.9080276495011e-14  0.80000000004393  0.19999999995606  
 0.016875   300.00000014395  8.9080276495011e-14  0.80000000004393  0.19999999995606  
 0.0171875   300.00000014395  8.9080276495011e-14  0.80000000004393  0.19999999995606  
 0.0175   300.00000014395  8.9080276495011e-14  0.80000000004393  0.19999999995606  
 0.0178125   300.00000014395  8.9080276495011e-14  0.80000000004393  0.19999999995606  
 0.018125   300.00000014395  8.9080276495011e-14  0.80000000004393  0.19999999995606  
 0.0184375   300.00000014395  8.9080276495011e-14  0.80000000004393  0.19999999995606  
 0.01875   300.00000014395  8.9080276495011e-14  0.80000000004393  0.19999999995606  
 0.0190625   300.00000014395  8.9080276495011e-14  0.80000000004393  0.19999999995606  
 0.019375   300.00000014395  8.9080276495011e-14  0.80000000004393  0.19999999995606  
 0.0196875   300.00000014395  8.9080276495011e-14  0.80000000004393  0.19999999995606  
 0.02   300  0  0.8  0.2  
