# TIME: 0.0019599999999999
#  x     Variables:...

 0   1000  0  0.8  0.2  
 0.0003125   1162.9492680039  0.006937160532396  0.99229765845205  0.00076589775159925  
 0.000625   1105.5926332742  0.0028345744491495  0.99706012592756  0.00010535187443019  
 0.0009375   1010.3555072345  0.0012025787928328  0.9986604954955  0.00013695333142888  
 0.00125   957.06256217674  0.0015684935057804  0.99790597021035  0.00052549147979836  
 0.0015625   557.13119800104  7.8585369409832e-06  0.85279354392965  0.14719859166497  
 0.001875   375.5219661364  4.4092076989653e-08  0.81173539551709  0.18826456038919  
 0.0021875   319.8551602613  1.6518608316971e-10  0.80240032191033  0.19759967792448  
 0.0025   304.76528572118  6.6921603768688e-13  0.80044341318455  0.19955658681479  
 0.0028125   301.05701926389  1.0459937630917e-13  0.80007401027778  0.19992598972213  
 0.003125   300.21868337245  9.1837198973567e-14  0.8000112546494  0.19998874535052  
 0.0034375   300.04242799562  8.9608191999481e-14  0.80000157222249  0.19999842777744  
 0.00375   300.00774420007  8.9176432785261e-14  0.80000020315722  0.19999979684271  
 0.0040625   300.00133265676  8.909681832744e-14  0.8000000244408  0.19999997555913  
 0.004375   300.00021663084  8.9082964115382e-14  0.80000000277199  0.19999999722794  
 0.0046875   300.00003337572  8.9080689083276e-14  0.80000000031895  0.19999999968099  
 0.005   300.00000494205  8.908033607146e-14  0.80000000005847  0.19999999994148  
 0.0053125   300.00000076634  8.9080284228134e-14  0.80000000003242  0.19999999996753  
 0.005625   300.00000018492  8.9080277009599e-14  0.80000000002996  0.19999999997  
 0.0059375   300.00000010802  8.9080276054965e-14  0.80000000002974  0.19999999997021  
 0.00625   300.00000009834  8.9080275934831e-14  0.80000000002973  0.19999999997023  
 0.0065625   300.00000009718  8.9080275920421e-14  0.80000000002973  0.19999999997023  
 0.006875   300.00000009705  8.9080275918768e-14  0.80000000002973  0.19999999997023  
 0.0071875   300.00000009703  8.9080275918582e-14  0.80000000002973  0.19999999997023  
 0.0075   300.00000009703  8.9080275918581e-14  0.80000000002973  0.19999999997023  
 0.0078125   300.00000009703  8.9080275918581e-14  0.80000000002973  0.19999999997023  
 0.008125   300.00000009703  8.9080275918581e-14  0.80000000002973  0.19999999997023  
 0.0084375   300.00000009703  8.9080275918581e-14  0.80000000002973  0.19999999997023  
 0.00875   300.00000009703  8.9080275918581e-14  0.80000000002973  0.19999999997023  
 0.0090625   300.00000009703  8.9080275918581e-14  0.80000000002973  0.19999999997023  
 0.009375   300.00000009703  8.9080275918581e-14  0.80000000002973  0.19999999997023  
 0.0096875   300.00000009703  8.9080275918581e-14  0.80000000002973  0.19999999997023  
 0.01   300.00000009703  8.9080275918581e-14  0.80000000002973  0.19999999997023  
 0.0103125   300.00000009703  8.9080275918581e-14  0.80000000002973  0.19999999997023  
 0.010625   300.00000009703  8.9080275918581e-14  0.80000000002973  0.19999999997023  
 0.0109375   300.00000009703  8.9080275918581e-14  0.80000000002973  0.19999999997023  
 0.01125   300.00000009703  8.9080275918581e-14  0.80000000002973  0.19999999997023  
 0.0115625   300.00000009703  8.9080275918581e-14  0.80000000002973  0.19999999997023  
 0.011875   300.00000009703  8.9080275918581e-14  0.80000000002973  0.19999999997023  
 0.0121875   300.00000009703  8.9080275918581e-14  0.80000000002973  0.19999999997023  
 0.0125   300.00000009703  8.9080275918581e-14  0.80000000002973  0.19999999997023  
 0.0128125   300.00000009703  8.9080275918581e-14  0.80000000002973  0.19999999997023  
 0.013125   300.00000009703  8.9080275918581e-14  0.80000000002973  0.19999999997023  
 0.0134375   300.00000009703  8.9080275918581e-14  0.80000000002973  0.19999999997023  
 0.01375   300.00000009703  8.9080275918581e-14  0.80000000002973  0.19999999997023  
 0.0140625   300.00000009703  8.9080275918581e-14  0.80000000002973  0.19999999997023  
 0.014375   300.00000009703  8.9080275918581e-14  0.80000000002973  0.19999999997023  
 0.0146875   300.00000009703  8.9080275918581e-14  0.80000000002973  0.19999999997023  
 0.015   300.00000009703  8.9080275918581e-14  0.80000000002973  0.19999999997023  
 0.0153125   300.00000009703  8.9080275918581e-14  0.80000000002973  0.19999999997023  
 0.015625   300.00000009703  8.9080275918581e-14  0.80000000002973  0.19999999997023  
 0.0159375   300.00000009703  8.9080275918581e-14  0.80000000002973  0.19999999997023  
 0.01625   300.00000009703  8.9080275918581e-14  0.80000000002973  0.19999999997023  
 0.0165625   300.00000009703  8.9080275918581e-14  0.80000000002973  0.19999999997023  
 0.016875   300.00000009703  8.9080275918581e-14  0.80000000002973  0.19999999997023  
 0.0171875   300.00000009703  8.9080275918581e-14  0.80000000002973  0.19999999997023  
 0.0175   300.00000009703  8.9080275918581e-14  0.80000000002973  0.19999999997023  
 0.0178125   300.00000009703  8.9080275918581e-14  0.80000000002973  0.19999999997023  
 0.018125   300.00000009703  8.9080275918581e-14  0.80000000002973  0.19999999997023  
 0.0184375   300.00000009703  8.9080275918581e-14  0.80000000002973  0.19999999997023  
 0.01875   300.00000009703  8.9080275918581e-14  0.80000000002973  0.19999999997023  
 0.0190625   300.00000009703  8.9080275918581e-14  0.80000000002973  0.19999999997023  
 0.019375   300.00000009703  8.9080275918581e-14  0.80000000002973  0.19999999997023  
 0.0196875   300.00000009703  8.9080275918581e-14  0.80000000002973  0.19999999997023  
 0.02   300  0  0.8  0.2  
