# TIME: 0.00074000000000001
#  x     Variables:...

 0   1000  0  0.8  0.2  
 0.0003125   1114.2230266047  0.006097039051799  0.99287746270829  0.0010255933850762  
 0.000625   582.50310594511  2.2213036987718e-05  0.83039431096496  0.16958345661542  
 0.0009375   360.59178202247  1.1548880804136e-07  0.80237511206951  0.19762477243665  
 0.00125   311.55512511464  3.8539537893268e-10  0.80013933621979  0.1998606633948  
 0.0015625   301.9363381924  1.2326075505475e-12  0.8000071136413  0.19999288635747  
 0.001875   300.28113768147  9.5798050277613e-14  0.80000034658426  0.19999965341565  
 0.0021875   300.03560556624  8.953238923424e-14  0.80000001681458  0.19999998318534  
 0.0025   300.00398401463  8.9129762369897e-14  0.8000000008231  0.19999999917682  
 0.0028125   300.00039882005  8.9085223460494e-14  0.80000000004977  0.19999999995015  
 0.003125   300.00003613292  8.9080722928372e-14  0.80000000001306  0.19999999998686  
 0.0034375   300.00000301785  8.9080312145935e-14  0.80000000001138  0.19999999998854  
 0.00375   300.00000026264  8.9080277978412e-14  0.80000000001131  0.19999999998862  
 0.0040625   300.00000005207  8.9080275367831e-14  0.80000000001131  0.19999999998862  
 0.004375   300.00000003719  8.908027518336e-14  0.80000000001131  0.19999999998862  
 0.0046875   300.00000003621  8.9080275171234e-14  0.80000000001131  0.19999999998862  
 0.005   300.00000003615  8.9080275170486e-14  0.80000000001131  0.19999999998862  
 0.0053125   300.00000003615  8.908027517045e-14  0.80000000001131  0.19999999998862  
 0.005625   300.00000003615  8.908027517045e-14  0.80000000001131  0.19999999998862  
 0.0059375   300.00000003615  8.908027517045e-14  0.80000000001131  0.19999999998862  
 0.00625   300.00000003615  8.908027517045e-14  0.80000000001131  0.19999999998862  
 0.0065625   300.00000003615  8.908027517045e-14  0.80000000001131  0.19999999998862  
 0.006875   300.00000003615  8.908027517045e-14  0.80000000001131  0.19999999998862  
 0.0071875   300.00000003615  8.908027517045e-14  0.80000000001131  0.19999999998862  
 0.0075   300.00000003615  8.908027517045e-14  0.80000000001131  0.19999999998862  
 0.0078125   300.00000003615  8.908027517045e-14  0.80000000001131  0.19999999998862  
 0.008125   300.00000003615  8.908027517045e-14  0.80000000001131  0.19999999998862  
 0.0084375   300.00000003615  8.908027517045e-14  0.80000000001131  0.19999999998862  
 0.00875   300.00000003615  8.908027517045e-14  0.80000000001131  0.19999999998862  
 0.0090625   300.00000003615  8.908027517045e-14  0.80000000001131  0.19999999998862  
 0.009375   300.00000003615  8.908027517045e-14  0.80000000001131  0.19999999998862  
 0.0096875   300.00000003615  8.908027517045e-14  0.80000000001131  0.19999999998862  
 0.01   300.00000003615  8.908027517045e-14  0.80000000001131  0.19999999998862  
 0.0103125   300.00000003615  8.908027517045e-14  0.80000000001131  0.19999999998862  
 0.010625   300.00000003615  8.908027517045e-14  0.80000000001131  0.19999999998862  
 0.0109375   300.00000003615  8.908027517045e-14  0.80000000001131  0.19999999998862  
 0.01125   300.00000003615  8.908027517045e-14  0.80000000001131  0.19999999998862  
 0.0115625   300.00000003615  8.908027517045e-14  0.80000000001131  0.19999999998862  
 0.011875   300.00000003615  8.908027517045e-14  0.80000000001131  0.19999999998862  
 0.0121875   300.00000003615  8.908027517045e-14  0.80000000001131  0.19999999998862  
 0.0125   300.00000003615  8.908027517045e-14  0.80000000001131  0.19999999998862  
 0.0128125   300.00000003615  8.908027517045e-14  0.80000000001131  0.19999999998862  
 0.013125   300.00000003615  8.908027517045e-14  0.80000000001131  0.19999999998862  
 0.0134375   300.00000003615  8.908027517045e-14  0.80000000001131  0.19999999998862  
 0.01375   300.00000003615  8.908027517045e-14  0.80000000001131  0.19999999998862  
 0.0140625   300.00000003615  8.908027517045e-14  0.80000000001131  0.19999999998862  
 0.014375   300.00000003615  8.908027517045e-14  0.80000000001131  0.19999999998862  
 0.0146875   300.00000003615  8.908027517045e-14  0.80000000001131  0.19999999998862  
 0.015   300.00000003615  8.908027517045e-14  0.80000000001131  0.19999999998862  
 0.0153125   300.00000003615  8.908027517045e-14  0.80000000001131  0.19999999998862  
 0.015625   300.00000003615  8.908027517045e-14  0.80000000001131  0.19999999998862  
 0.0159375   300.00000003615  8.908027517045e-14  0.80000000001131  0.19999999998862  
 0.01625   300.00000003615  8.908027517045e-14  0.80000000001131  0.19999999998862  
 0.0165625   300.00000003615  8.908027517045e-14  0.80000000001131  0.19999999998862  
 0.016875   300.00000003615  8.908027517045e-14  0.80000000001131  0.19999999998862  
 0.0171875   300.00000003615  8.908027517045e-14  0.80000000001131  0.19999999998862  
 0.0175   300.00000003615  8.908027517045e-14  0.80000000001131  0.19999999998862  
 0.0178125   300.00000003615  8.908027517045e-14  0.80000000001131  0.19999999998862  
 0.018125   300.00000003615  8.908027517045e-14  0.80000000001131  0.19999999998862  
 0.0184375   300.00000003615  8.908027517045e-14  0.80000000001131  0.19999999998862  
 0.01875   300.00000003615  8.908027517045e-14  0.80000000001131  0.19999999998862  
 0.0190625   300.00000003615  8.908027517045e-14  0.80000000001131  0.19999999998862  
 0.019375   300.00000003615  8.908027517045e-14  0.80000000001131  0.19999999998862  
 0.0196875   300.00000003615  8.908027517045e-14  0.80000000001131  0.19999999998862  
 0.02   300  0  0.8  0.2  
