# TIME: 0.00128
#  x     Variables:...

 0   1000  0  0.8  0.2  
 0.0003125   1135.453375666  0.0059332930753116  0.99314388664179  0.00092321185211723  
 0.000625   1027.0166151554  0.0024763322967614  0.99732814114249  0.00019555895721495  
 0.0009375   712.88670351232  8.1899128677026e-05  0.88368914804255  0.11622890531973  
 0.00125   422.152109785  4.2784443878679e-07  0.81669038738431  0.18330918475283  
 0.0015625   328.65507278729  1.6791497555672e-09  0.80262749611858  0.19737250220223  
 0.001875   305.93195318021  5.183762764903e-12  0.80034403641858  0.19965596357624  
 0.0021875   301.12701829363  1.1802121027546e-13  0.80003913855882  0.19996086144107  
 0.0025   300.19793641297  9.1609443606222e-14  0.80000397323431  0.1999960267656  
 0.0028125   300.03210179128  8.9479838487418e-14  0.80000036557222  0.1999996344277  
 0.003125   300.00480499512  8.9139953732412e-14  0.80000003080353  0.1999999691964  
 0.0034375   300.00066472361  8.9088527914185e-14  0.80000000241055  0.19999999758938  
 0.00375   300.00008527145  8.9081333304986e-14  0.80000000019195  0.19999999980798  
 0.0040625   300.00001022239  8.9080401606006e-14  0.80000000003109  0.19999999996885  
 0.004375   300.00000119388  8.9080289535661e-14  0.80000000002019  0.19999999997974  
 0.0046875   300.00000018103  8.9080276965079e-14  0.8000000000195  0.19999999998044  
 0.005   300.00000007466  8.9080275645102e-14  0.80000000001947  0.19999999998048  
 0.0053125   300.00000006417  8.9080275514861e-14  0.80000000001947  0.19999999998048  
 0.005625   300.00000006319  8.9080275502742e-14  0.80000000001947  0.19999999998048  
 0.0059375   300.0000000631  8.9080275501674e-14  0.80000000001947  0.19999999998048  
 0.00625   300.0000000631  8.908027550159e-14  0.80000000001947  0.19999999998048  
 0.0065625   300.0000000631  8.908027550159e-14  0.80000000001947  0.19999999998048  
 0.006875   300.0000000631  8.908027550159e-14  0.80000000001947  0.19999999998048  
 0.0071875   300.0000000631  8.908027550159e-14  0.80000000001947  0.19999999998048  
 0.0075   300.0000000631  8.908027550159e-14  0.80000000001947  0.19999999998048  
 0.0078125   300.0000000631  8.908027550159e-14  0.80000000001947  0.19999999998048  
 0.008125   300.0000000631  8.908027550159e-14  0.80000000001947  0.19999999998048  
 0.0084375   300.0000000631  8.908027550159e-14  0.80000000001947  0.19999999998048  
 0.00875   300.0000000631  8.908027550159e-14  0.80000000001947  0.19999999998048  
 0.0090625   300.0000000631  8.908027550159e-14  0.80000000001947  0.19999999998048  
 0.009375   300.0000000631  8.908027550159e-14  0.80000000001947  0.19999999998048  
 0.0096875   300.0000000631  8.908027550159e-14  0.80000000001947  0.19999999998048  
 0.01   300.0000000631  8.908027550159e-14  0.80000000001947  0.19999999998048  
 0.0103125   300.0000000631  8.908027550159e-14  0.80000000001947  0.19999999998048  
 0.010625   300.0000000631  8.908027550159e-14  0.80000000001947  0.19999999998048  
 0.0109375   300.0000000631  8.908027550159e-14  0.80000000001947  0.19999999998048  
 0.01125   300.0000000631  8.908027550159e-14  0.80000000001947  0.19999999998048  
 0.0115625   300.0000000631  8.908027550159e-14  0.80000000001947  0.19999999998048  
 0.011875   300.0000000631  8.908027550159e-14  0.80000000001947  0.19999999998048  
 0.0121875   300.0000000631  8.908027550159e-14  0.80000000001947  0.19999999998048  
 0.0125   300.0000000631  8.908027550159e-14  0.80000000001947  0.19999999998048  
 0.0128125   300.0000000631  8.908027550159e-14  0.80000000001947  0.19999999998048  
 0.013125   300.0000000631  8.908027550159e-14  0.80000000001947  0.19999999998048  
 0.0134375   300.0000000631  8.908027550159e-14  0.80000000001947  0.19999999998048  
 0.01375   300.0000000631  8.908027550159e-14  0.80000000001947  0.19999999998048  
 0.0140625   300.0000000631  8.908027550159e-14  0.80000000001947  0.19999999998048  
 0.014375   300.0000000631  8.908027550159e-14  0.80000000001947  0.19999999998048  
 0.0146875   300.0000000631  8.908027550159e-14  0.80000000001947  0.19999999998048  
 0.015   300.0000000631  8.908027550159e-14  0.80000000001947  0.19999999998048  
 0.0153125   300.0000000631  8.908027550159e-14  0.80000000001947  0.19999999998048  
 0.015625   300.0000000631  8.908027550159e-14  0.80000000001947  0.19999999998048  
 0.0159375   300.0000000631  8.908027550159e-14  0.80000000001947  0.19999999998048  
 0.01625   300.0000000631  8.908027550159e-14  0.80000000001947  0.19999999998048  
 0.0165625   300.0000000631  8.908027550159e-14  0.80000000001947  0.19999999998048  
 0.016875   300.0000000631  8.908027550159e-14  0.80000000001947  0.19999999998048  
 0.0171875   300.0000000631  8.908027550159e-14  0.80000000001947  0.19999999998048  
 0.0175   300.0000000631  8.908027550159e-14  0.80000000001947  0.19999999998048  
 0.0178125   300.0000000631  8.908027550159e-14  0.80000000001947  0.19999999998048  
 0.018125   300.0000000631  8.908027550159e-14  0.80000000001947  0.19999999998048  
 0.0184375   300.0000000631  8.908027550159e-14  0.80000000001947  0.19999999998048  
 0.01875   300.0000000631  8.908027550159e-14  0.80000000001947  0.19999999998048  
 0.0190625   300.0000000631  8.908027550159e-14  0.80000000001947  0.19999999998048  
 0.019375   300.0000000631  8.908027550159e-14  0.80000000001947  0.19999999998048  
 0.0196875   300.0000000631  8.908027550159e-14  0.80000000001947  0.19999999998048  
 0.02   300  0  0.8  0.2  
