# TIME: 0.00212
#  x     Variables:...

 0   1000  0  0.8  0.2  
 0.0003125   1167.4760104442  0.0071105049455757  0.99214679812512  0.0007434933539562  
 0.000625   1117.7022922113  0.0029958698423143  0.99690561646314  9.8566125404182e-05  
 0.0009375   1033.6575313569  0.0012479390581692  0.99864315261496  0.00010893587686631  
 0.00125   946.95979100781  0.0010327784375823  0.99872541892254  0.0002417895768912  
 0.0015625   648.53855061477  2.3794245856007e-05  0.87987170184622  0.12010447880726  
 0.001875   418.55688507965  1.3368349997247e-07  0.82076211256108  0.17923775374872  
 0.0021875   333.58812115278  5.6566833908824e-10  0.80465408575044  0.19534591368387  
 0.0025   308.58211608935  2.0467247741462e-12  0.80093912462859  0.19906087536937  
 0.0028125   302.02565607569  1.229911105243e-13  0.80017238758083  0.19982761241905  
 0.003125   300.44569840054  9.4790403233427e-14  0.80002893135619  0.19997106864373  
 0.0034375   300.09192825827  9.0227578778118e-14  0.80000446464764  0.19999553535229  
 0.00375   300.01784540092  8.9301947623866e-14  0.80000063734894  0.19999936265099  
 0.0040625   300.00326978522  8.9120862989491e-14  0.80000008465617  0.19999991534376  
 0.004375   300.00056675013  8.9087309989353e-14  0.80000001053558  0.19999998946436  
 0.0046875   300.00009314898  8.908143111421e-14  0.80000000125603  0.19999999874391  
 0.005   300.00001460308  8.9080456014331e-14  0.80000000016653  0.19999999983342  
 0.0053125   300.00000225201  8.9080302672721e-14  0.80000000004608  0.19999999995387  
 0.005625   300.00000040764  8.90802797739e-14  0.8000000000335  0.19999999996645  
 0.0059375   300.00000014568  8.9080276521526e-14  0.80000000003226  0.1999999999677  
 0.00625   300.00000011023  8.9080276081451e-14  0.80000000003215  0.19999999996781  
 0.0065625   300.00000010566  8.9080276024629e-14  0.80000000003215  0.19999999996782  
 0.006875   300.00000010509  8.9080276017616e-14  0.80000000003215  0.19999999996782  
 0.0071875   300.00000010503  8.9080276016782e-14  0.80000000003215  0.19999999996782  
 0.0075   300.00000010502  8.9080276016698e-14  0.80000000003215  0.19999999996782  
 0.0078125   300.00000010502  8.9080276016697e-14  0.80000000003215  0.19999999996782  
 0.008125   300.00000010502  8.9080276016697e-14  0.80000000003215  0.19999999996782  
 0.0084375   300.00000010502  8.9080276016697e-14  0.80000000003215  0.19999999996782  
 0.00875   300.00000010502  8.9080276016697e-14  0.80000000003215  0.19999999996782  
 0.0090625   300.00000010502  8.9080276016697e-14  0.80000000003215  0.19999999996782  
 0.009375   300.00000010502  8.9080276016697e-14  0.80000000003215  0.19999999996782  
 0.0096875   300.00000010502  8.9080276016697e-14  0.80000000003215  0.19999999996782  
 0.01   300.00000010502  8.9080276016697e-14  0.80000000003215  0.19999999996782  
 0.0103125   300.00000010502  8.9080276016697e-14  0.80000000003215  0.19999999996782  
 0.010625   300.00000010502  8.9080276016697e-14  0.80000000003215  0.19999999996782  
 0.0109375   300.00000010502  8.9080276016697e-14  0.80000000003215  0.19999999996782  
 0.01125   300.00000010502  8.9080276016697e-14  0.80000000003215  0.19999999996782  
 0.0115625   300.00000010502  8.9080276016697e-14  0.80000000003215  0.19999999996782  
 0.011875   300.00000010502  8.9080276016697e-14  0.80000000003215  0.19999999996782  
 0.0121875   300.00000010502  8.9080276016697e-14  0.80000000003215  0.19999999996782  
 0.0125   300.00000010502  8.9080276016697e-14  0.80000000003215  0.19999999996782  
 0.0128125   300.00000010502  8.9080276016697e-14  0.80000000003215  0.19999999996782  
 0.013125   300.00000010502  8.9080276016697e-14  0.80000000003215  0.19999999996782  
 0.0134375   300.00000010502  8.9080276016697e-14  0.80000000003215  0.19999999996782  
 0.01375   300.00000010502  8.9080276016697e-14  0.80000000003215  0.19999999996782  
 0.0140625   300.00000010502  8.9080276016697e-14  0.80000000003215  0.19999999996782  
 0.014375   300.00000010502  8.9080276016697e-14  0.80000000003215  0.19999999996782  
 0.0146875   300.00000010502  8.9080276016697e-14  0.80000000003215  0.19999999996782  
 0.015   300.00000010502  8.9080276016697e-14  0.80000000003215  0.19999999996782  
 0.0153125   300.00000010502  8.9080276016697e-14  0.80000000003215  0.19999999996782  
 0.015625   300.00000010502  8.9080276016697e-14  0.80000000003215  0.19999999996782  
 0.0159375   300.00000010502  8.9080276016697e-14  0.80000000003215  0.19999999996782  
 0.01625   300.00000010502  8.9080276016697e-14  0.80000000003215  0.19999999996782  
 0.0165625   300.00000010502  8.9080276016697e-14  0.80000000003215  0.19999999996782  
 0.016875   300.00000010502  8.9080276016697e-14  0.80000000003215  0.19999999996782  
 0.0171875   300.00000010502  8.9080276016697e-14  0.80000000003215  0.19999999996782  
 0.0175   300.00000010502  8.9080276016697e-14  0.80000000003215  0.19999999996782  
 0.0178125   300.00000010502  8.9080276016697e-14  0.80000000003215  0.19999999996782  
 0.018125   300.00000010502  8.9080276016697e-14  0.80000000003215  0.19999999996782  
 0.0184375   300.00000010502  8.9080276016697e-14  0.80000000003215  0.19999999996782  
 0.01875   300.00000010502  8.9080276016697e-14  0.80000000003215  0.19999999996782  
 0.0190625   300.00000010502  8.9080276016697e-14  0.80000000003215  0.19999999996782  
 0.019375   300.00000010502  8.9080276016697e-14  0.80000000003215  0.19999999996782  
 0.0196875   300.00000010502  8.9080276016697e-14  0.80000000003215  0.19999999996782  
 0.02   300  0  0.8  0.2  
