# TIME: 0.00044
#  x     Variables:...

 0   1000  0  0.8  0.2  
 0.0003125   625.54964906136  1.2662039821147e-05  0.80192507136273  0.19806226660324  
 0.000625   381.54728299734  6.5283124922276e-08  0.80009711526473  0.19990281945073  
 0.0009375   313.89925669558  2.1599870763144e-10  0.80000441812471  0.19999558165929  
 0.00125   301.80922686623  7.1624230783015e-13  0.80000018402891  0.19999981597037  
 0.0015625   300.19120487282  9.3127840044852e-14  0.80000000707393  0.19999999292598  
 0.001875   300.01701668559  8.9296113610013e-14  0.80000000025876  0.19999999974115  
 0.0021875   300.00130797231  8.9096504874694e-14  0.80000000001517  0.19999999998475  
 0.0025   300.00008850148  8.9081371460525e-14  0.80000000000704  0.19999999999288  
 0.0028125   300.000005367  8.9080341199171e-14  0.80000000000679  0.19999999999313  
 0.003125   300.00000031304  8.9080278599834e-14  0.80000000000678  0.19999999999314  
 0.0034375   300.00000003571  8.908027516639e-14  0.80000000000678  0.19999999999314  
 0.00375   300.00000002184  8.9080274994717e-14  0.80000000000678  0.19999999999314  
 0.0040625   300.0000000212  8.9080274986828e-14  0.80000000000678  0.19999999999314  
 0.004375   300.00000002117  8.9080274986487e-14  0.80000000000678  0.19999999999314  
 0.0046875   300.00000002117  8.9080274986483e-14  0.80000000000678  0.19999999999314  
 0.005   300.00000002117  8.9080274986482e-14  0.80000000000678  0.19999999999314  
 0.0053125   300.00000002117  8.9080274986482e-14  0.80000000000678  0.19999999999314  
 0.005625   300.00000002117  8.9080274986482e-14  0.80000000000678  0.19999999999314  
 0.0059375   300.00000002117  8.9080274986482e-14  0.80000000000678  0.19999999999314  
 0.00625   300.00000002117  8.9080274986482e-14  0.80000000000678  0.19999999999314  
 0.0065625   300.00000002117  8.9080274986482e-14  0.80000000000678  0.19999999999314  
 0.006875   300.00000002117  8.9080274986482e-14  0.80000000000678  0.19999999999314  
 0.0071875   300.00000002117  8.9080274986482e-14  0.80000000000678  0.19999999999314  
 0.0075   300.00000002117  8.9080274986482e-14  0.80000000000678  0.19999999999314  
 0.0078125   300.00000002117  8.9080274986482e-14  0.80000000000678  0.19999999999314  
 0.008125   300.00000002117  8.9080274986482e-14  0.80000000000678  0.19999999999314  
 0.0084375   300.00000002117  8.9080274986482e-14  0.80000000000678  0.19999999999314  
 0.00875   300.00000002117  8.9080274986482e-14  0.80000000000678  0.19999999999314  
 0.0090625   300.00000002117  8.9080274986482e-14  0.80000000000678  0.19999999999314  
 0.009375   300.00000002117  8.9080274986482e-14  0.80000000000678  0.19999999999314  
 0.0096875   300.00000002117  8.9080274986482e-14  0.80000000000678  0.19999999999314  
 0.01   300.00000002117  8.9080274986482e-14  0.80000000000678  0.19999999999314  
 0.0103125   300.00000002117  8.9080274986482e-14  0.80000000000678  0.19999999999314  
 0.010625   300.00000002117  8.9080274986482e-14  0.80000000000678  0.19999999999314  
 0.0109375   300.00000002117  8.9080274986482e-14  0.80000000000678  0.19999999999314  
 0.01125   300.00000002117  8.9080274986482e-14  0.80000000000678  0.19999999999314  
 0.0115625   300.00000002117  8.9080274986482e-14  0.80000000000678  0.19999999999314  
 0.011875   300.00000002117  8.9080274986482e-14  0.80000000000678  0.19999999999314  
 0.0121875   300.00000002117  8.9080274986482e-14  0.80000000000678  0.19999999999314  
 0.0125   300.00000002117  8.9080274986482e-14  0.80000000000678  0.19999999999314  
 0.0128125   300.00000002117  8.9080274986482e-14  0.80000000000678  0.19999999999314  
 0.013125   300.00000002117  8.9080274986482e-14  0.80000000000678  0.19999999999314  
 0.0134375   300.00000002117  8.9080274986482e-14  0.80000000000678  0.19999999999314  
 0.01375   300.00000002117  8.9080274986482e-14  0.80000000000678  0.19999999999314  
 0.0140625   300.00000002117  8.9080274986482e-14  0.80000000000678  0.19999999999314  
 0.014375   300.00000002117  8.9080274986482e-14  0.80000000000678  0.19999999999314  
 0.0146875   300.00000002117  8.9080274986482e-14  0.80000000000678  0.19999999999314  
 0.015   300.00000002117  8.9080274986482e-14  0.80000000000678  0.19999999999314  
 0.0153125   300.00000002117  8.9080274986482e-14  0.80000000000678  0.19999999999314  
 0.015625   300.00000002117  8.9080274986482e-14  0.80000000000678  0.19999999999314  
 0.0159375   300.00000002117  8.9080274986482e-14  0.80000000000678  0.19999999999314  
 0.01625   300.00000002117  8.9080274986482e-14  0.80000000000678  0.19999999999314  
 0.0165625   300.00000002117  8.9080274986482e-14  0.80000000000678  0.19999999999314  
 0.016875   300.00000002117  8.9080274986482e-14  0.80000000000678  0.19999999999314  
 0.0171875   300.00000002117  8.9080274986482e-14  0.80000000000678  0.19999999999314  
 0.0175   300.00000002117  8.9080274986482e-14  0.80000000000678  0.19999999999314  
 0.0178125   300.00000002117  8.9080274986482e-14  0.80000000000678  0.19999999999314  
 0.018125   300.00000002117  8.9080274986482e-14  0.80000000000678  0.19999999999314  
 0.0184375   300.00000002117  8.9080274986482e-14  0.80000000000678  0.19999999999314  
 0.01875   300.00000002117  8.9080274986482e-14  0.80000000000678  0.19999999999314  
 0.0190625   300.00000002117  8.9080274986482e-14  0.80000000000678  0.19999999999314  
 0.019375   300.00000002117  8.9080274986482e-14  0.80000000000678  0.19999999999314  
 0.0196875   300.00000002117  8.9080274986482e-14  0.80000000000678  0.19999999999314  
 0.02   300  0  0.8  0.2  
