# TIME: 0.0018599999999999
#  x     Variables:...

 0   1000  0  0.8  0.2  
 0.0003125   1159.8154562386  0.0068161296721213  0.9924025287216  0.00078200903660605  
 0.000625   1097.8880143901  0.0027325972596334  0.99715754585817  0.00010990901112834  
 0.0009375   991.13419544427  0.0012183864281314  0.99861232679665  0.00016931291437089  
 0.00125   886.67396719424  0.00086319976773343  0.96136280637074  0.037773939882398  
 0.0015625   492.52512895868  3.7721096557062e-06  0.83587537281641  0.16412085488006  
 0.001875   355.26265189232  1.7568846394796e-08  0.80786734234786  0.19213264008297  
 0.0021875   313.98646325319  5.724399812155e-11  0.8015318483843  0.19846815155846  
 0.0025   303.2151738762  2.9737074782061e-13  0.80026491328385  0.19973508671586  
 0.0028125   300.6842060668  9.8399952583544e-14  0.80004128747093  0.19995871252898  
 0.003125   300.13598453063  9.0784034351067e-14  0.80000586512287  0.19999413487706  
 0.0034375   300.0253453655  8.9395331788348e-14  0.8000007656293  0.19999923437063  
 0.00375   300.00444040964  8.9135406134286e-14  0.80000009245771  0.19999990754222  
 0.0040625   300.00073254251  8.9089369007084e-14  0.80000001040704  0.1999999895929  
 0.004375   300.00011402909  8.9081690408231e-14  0.80000000111769  0.19999999888225  
 0.0046875   300.00001683256  8.9080483697536e-14  0.8000000001356  0.19999999986434  
 0.005   300.00000241923  8.9080304749656e-14  0.80000000003818  0.19999999996176  
 0.0053125   300.00000039869  8.9080279664153e-14  0.80000000002908  0.19999999997087  
 0.005625   300.00000013041  8.9080276333589e-14  0.80000000002828  0.19999999997167  
 0.0059375   300.00000009661  8.9080275913957e-14  0.80000000002822  0.19999999997174  
 0.00625   300.00000009256  8.9080275863681e-14  0.80000000002822  0.19999999997174  
 0.0065625   300.0000000921  8.9080275857942e-14  0.80000000002822  0.19999999997174  
 0.006875   300.00000009205  8.9080275857317e-14  0.80000000002822  0.19999999997174  
 0.0071875   300.00000009204  8.9080275857259e-14  0.80000000002822  0.19999999997174  
 0.0075   300.00000009204  8.9080275857259e-14  0.80000000002822  0.19999999997174  
 0.0078125   300.00000009204  8.9080275857259e-14  0.80000000002822  0.19999999997174  
 0.008125   300.00000009204  8.9080275857259e-14  0.80000000002822  0.19999999997174  
 0.0084375   300.00000009204  8.9080275857259e-14  0.80000000002822  0.19999999997174  
 0.00875   300.00000009204  8.9080275857259e-14  0.80000000002822  0.19999999997174  
 0.0090625   300.00000009204  8.9080275857259e-14  0.80000000002822  0.19999999997174  
 0.009375   300.00000009204  8.9080275857259e-14  0.80000000002822  0.19999999997174  
 0.0096875   300.00000009204  8.9080275857259e-14  0.80000000002822  0.19999999997174  
 0.01   300.00000009204  8.9080275857259e-14  0.80000000002822  0.19999999997174  
 0.0103125   300.00000009204  8.9080275857259e-14  0.80000000002822  0.19999999997174  
 0.010625   300.00000009204  8.9080275857259e-14  0.80000000002822  0.19999999997174  
 0.0109375   300.00000009204  8.9080275857259e-14  0.80000000002822  0.19999999997174  
 0.01125   300.00000009204  8.9080275857259e-14  0.80000000002822  0.19999999997174  
 0.0115625   300.00000009204  8.9080275857259e-14  0.80000000002822  0.19999999997174  
 0.011875   300.00000009204  8.9080275857259e-14  0.80000000002822  0.19999999997174  
 0.0121875   300.00000009204  8.9080275857259e-14  0.80000000002822  0.19999999997174  
 0.0125   300.00000009204  8.9080275857259e-14  0.80000000002822  0.19999999997174  
 0.0128125   300.00000009204  8.9080275857259e-14  0.80000000002822  0.19999999997174  
 0.013125   300.00000009204  8.9080275857259e-14  0.80000000002822  0.19999999997174  
 0.0134375   300.00000009204  8.9080275857259e-14  0.80000000002822  0.19999999997174  
 0.01375   300.00000009204  8.9080275857259e-14  0.80000000002822  0.19999999997174  
 0.0140625   300.00000009204  8.9080275857259e-14  0.80000000002822  0.19999999997174  
 0.014375   300.00000009204  8.9080275857259e-14  0.80000000002822  0.19999999997174  
 0.0146875   300.00000009204  8.9080275857259e-14  0.80000000002822  0.19999999997174  
 0.015   300.00000009204  8.9080275857259e-14  0.80000000002822  0.19999999997174  
 0.0153125   300.00000009204  8.9080275857259e-14  0.80000000002822  0.19999999997174  
 0.015625   300.00000009204  8.9080275857259e-14  0.80000000002822  0.19999999997174  
 0.0159375   300.00000009204  8.9080275857259e-14  0.80000000002822  0.19999999997174  
 0.01625   300.00000009204  8.9080275857259e-14  0.80000000002822  0.19999999997174  
 0.0165625   300.00000009204  8.9080275857259e-14  0.80000000002822  0.19999999997174  
 0.016875   300.00000009204  8.9080275857259e-14  0.80000000002822  0.19999999997174  
 0.0171875   300.00000009204  8.9080275857259e-14  0.80000000002822  0.19999999997174  
 0.0175   300.00000009204  8.9080275857259e-14  0.80000000002822  0.19999999997174  
 0.0178125   300.00000009204  8.9080275857259e-14  0.80000000002822  0.19999999997174  
 0.018125   300.00000009204  8.9080275857259e-14  0.80000000002822  0.19999999997174  
 0.0184375   300.00000009204  8.9080275857259e-14  0.80000000002822  0.19999999997174  
 0.01875   300.00000009204  8.9080275857259e-14  0.80000000002822  0.19999999997174  
 0.0190625   300.00000009204  8.9080275857259e-14  0.80000000002822  0.19999999997174  
 0.019375   300.00000009204  8.9080275857259e-14  0.80000000002822  0.19999999997174  
 0.0196875   300.00000009204  8.9080275857259e-14  0.80000000002822  0.19999999997174  
 0.02   300  0  0.8  0.2  
