# TIME: 0.0021
#  x     Variables:...

 0   1000  0  0.8  0.2  
 0.0003125   1166.9381241677  0.0070899661181854  0.99216471527609  0.00074610501909437  
 0.000625   1116.2484355357  0.002975931847755  0.99692477557299  9.9344988175499e-05  
 0.0009375   1031.2237247293  0.0012396290111978  0.99864914558668  0.00011125295634883  
 0.00125   947.40361179007  0.0010799231635161  0.99867264293109  0.00024741728283957  
 0.0015625   637.54925773274  1.9482256679886e-05  0.87637259019583  0.12360790476983  
 0.001875   412.6079420749  1.0987350355319e-07  0.81946059761047  0.18053929251049  
 0.0021875   331.5420887468  4.5641044344024e-10  0.80430343738724  0.19569656215634  
 0.0025   307.99437363068  1.6745923850862e-12  0.80085881421296  0.19914118578537  
 0.0028125   301.87276965779  1.1951975132473e-13  0.80015590035544  0.19984409964445  
 0.003125   300.40898786377  9.4305577678876e-14  0.80002586281363  0.19997413718629  
 0.0034375   300.08372996715  9.0124720689832e-14  0.80000394415804  0.19999605584189  
 0.00375   300.0161328742  8.9280658954391e-14  0.80000055638171  0.19999944361821  
 0.0040625   300.00293370504  8.9116691371819e-14  0.80000007302879  0.19999992697114  
 0.004375   300.0005045888  8.9086538451991e-14  0.80000000898467  0.19999999101527  
 0.0046875   300.0000822872  8.9081296281003e-14  0.80000000106268  0.19999999893726  
 0.005   300.00001280613  8.9080433705479e-14  0.80000000014368  0.19999999985626  
 0.0053125   300.00000196948  8.9080299165001e-14  0.8000000000433  0.19999999995665  
 0.005625   300.00000036474  8.9080279241337e-14  0.80000000003294  0.19999999996701  
 0.0059375   300.00000013875  8.908027643561e-14  0.80000000003194  0.19999999996802  
 0.00625   300.00000010844  8.9080276059255e-14  0.80000000003185  0.19999999996812  
 0.0065625   300.00000010456  8.9080276011085e-14  0.80000000003185  0.19999999996812  
 0.006875   300.00000010408  8.9080276005194e-14  0.80000000003185  0.19999999996812  
 0.0071875   300.00000010403  8.9080276004503e-14  0.80000000003185  0.19999999996812  
 0.0075   300.00000010402  8.9080276004432e-14  0.80000000003185  0.19999999996812  
 0.0078125   300.00000010402  8.9080276004432e-14  0.80000000003185  0.19999999996812  
 0.008125   300.00000010402  8.9080276004432e-14  0.80000000003185  0.19999999996812  
 0.0084375   300.00000010402  8.9080276004432e-14  0.80000000003185  0.19999999996812  
 0.00875   300.00000010402  8.9080276004432e-14  0.80000000003185  0.19999999996812  
 0.0090625   300.00000010402  8.9080276004432e-14  0.80000000003185  0.19999999996812  
 0.009375   300.00000010402  8.9080276004432e-14  0.80000000003185  0.19999999996812  
 0.0096875   300.00000010402  8.9080276004432e-14  0.80000000003185  0.19999999996812  
 0.01   300.00000010402  8.9080276004432e-14  0.80000000003185  0.19999999996812  
 0.0103125   300.00000010402  8.9080276004432e-14  0.80000000003185  0.19999999996812  
 0.010625   300.00000010402  8.9080276004432e-14  0.80000000003185  0.19999999996812  
 0.0109375   300.00000010402  8.9080276004432e-14  0.80000000003185  0.19999999996812  
 0.01125   300.00000010402  8.9080276004432e-14  0.80000000003185  0.19999999996812  
 0.0115625   300.00000010402  8.9080276004432e-14  0.80000000003185  0.19999999996812  
 0.011875   300.00000010402  8.9080276004432e-14  0.80000000003185  0.19999999996812  
 0.0121875   300.00000010402  8.9080276004432e-14  0.80000000003185  0.19999999996812  
 0.0125   300.00000010402  8.9080276004432e-14  0.80000000003185  0.19999999996812  
 0.0128125   300.00000010402  8.9080276004432e-14  0.80000000003185  0.19999999996812  
 0.013125   300.00000010402  8.9080276004432e-14  0.80000000003185  0.19999999996812  
 0.0134375   300.00000010402  8.9080276004432e-14  0.80000000003185  0.19999999996812  
 0.01375   300.00000010402  8.9080276004432e-14  0.80000000003185  0.19999999996812  
 0.0140625   300.00000010402  8.9080276004432e-14  0.80000000003185  0.19999999996812  
 0.014375   300.00000010402  8.9080276004432e-14  0.80000000003185  0.19999999996812  
 0.0146875   300.00000010402  8.9080276004432e-14  0.80000000003185  0.19999999996812  
 0.015   300.00000010402  8.9080276004432e-14  0.80000000003185  0.19999999996812  
 0.0153125   300.00000010402  8.9080276004432e-14  0.80000000003185  0.19999999996812  
 0.015625   300.00000010402  8.9080276004432e-14  0.80000000003185  0.19999999996812  
 0.0159375   300.00000010402  8.9080276004432e-14  0.80000000003185  0.19999999996812  
 0.01625   300.00000010402  8.9080276004432e-14  0.80000000003185  0.19999999996812  
 0.0165625   300.00000010402  8.9080276004432e-14  0.80000000003185  0.19999999996812  
 0.016875   300.00000010402  8.9080276004432e-14  0.80000000003185  0.19999999996812  
 0.0171875   300.00000010402  8.9080276004432e-14  0.80000000003185  0.19999999996812  
 0.0175   300.00000010402  8.9080276004432e-14  0.80000000003185  0.19999999996812  
 0.0178125   300.00000010402  8.9080276004432e-14  0.80000000003185  0.19999999996812  
 0.018125   300.00000010402  8.9080276004432e-14  0.80000000003185  0.19999999996812  
 0.0184375   300.00000010402  8.9080276004432e-14  0.80000000003185  0.19999999996812  
 0.01875   300.00000010402  8.9080276004432e-14  0.80000000003185  0.19999999996812  
 0.0190625   300.00000010402  8.9080276004432e-14  0.80000000003185  0.19999999996812  
 0.019375   300.00000010402  8.9080276004432e-14  0.80000000003185  0.19999999996812  
 0.0196875   300.00000010402  8.9080276004432e-14  0.80000000003185  0.19999999996812  
 0.02   300  0  0.8  0.2  
