# TIME: 0.00084000000000001
#  x     Variables:...

 0   1000  0  0.8  0.2  
 0.0003125   1103.8130462283  0.0055265037237052  0.99335522196169  0.0011184460869291  
 0.000625   681.13267278737  5.4904880912362e-05  0.85410232474099  0.14584273305709  
 0.0009375   393.79800435589  2.8803166016062e-07  0.80657564188177  0.19342407007434  
 0.00125   319.09815574373  1.0169969080516e-09  0.80058582978805  0.19941416919491  
 0.0015625   303.44699019944  3.057530242277e-12  0.80004172154374  0.1999582784532  
 0.001875   300.55167148659  1.0421486049613e-13  0.80000254139301  0.19999745860689  
 0.0021875   300.07812366968  9.0077772124062e-14  0.8000001395989  0.19999986040102  
 0.0025   300.0098400527  8.9202584293445e-14  0.80000000720899  0.19999999279092  
 0.0028125   300.00111201424  8.9094077944296e-14  0.80000000037031  0.19999999962961  
 0.003125   300.00011381819  8.9081687054444e-14  0.80000000003013  0.19999999996979  
 0.0034375   300.00001067108  8.9080407101329e-14  0.80000000001363  0.19999999998629  
 0.00375   300.00000095468  8.9080286561907e-14  0.80000000001285  0.19999999998708  
 0.0040625   300.00000011382  8.9080276132985e-14  0.80000000001282  0.19999999998711  
 0.004375   300.00000004652  8.9080275298498e-14  0.80000000001282  0.19999999998711  
 0.0046875   300.00000004151  8.9080275236386e-14  0.80000000001282  0.19999999998711  
 0.005   300.00000004116  8.9080275232064e-14  0.80000000001282  0.19999999998711  
 0.0053125   300.00000004114  8.9080275231773e-14  0.80000000001282  0.19999999998711  
 0.005625   300.00000004114  8.9080275231772e-14  0.80000000001282  0.19999999998711  
 0.0059375   300.00000004114  8.9080275231772e-14  0.80000000001282  0.19999999998711  
 0.00625   300.00000004114  8.9080275231772e-14  0.80000000001282  0.19999999998711  
 0.0065625   300.00000004114  8.9080275231772e-14  0.80000000001282  0.19999999998711  
 0.006875   300.00000004114  8.9080275231772e-14  0.80000000001282  0.19999999998711  
 0.0071875   300.00000004114  8.9080275231772e-14  0.80000000001282  0.19999999998711  
 0.0075   300.00000004114  8.9080275231772e-14  0.80000000001282  0.19999999998711  
 0.0078125   300.00000004114  8.9080275231772e-14  0.80000000001282  0.19999999998711  
 0.008125   300.00000004114  8.9080275231772e-14  0.80000000001282  0.19999999998711  
 0.0084375   300.00000004114  8.9080275231772e-14  0.80000000001282  0.19999999998711  
 0.00875   300.00000004114  8.9080275231772e-14  0.80000000001282  0.19999999998711  
 0.0090625   300.00000004114  8.9080275231772e-14  0.80000000001282  0.19999999998711  
 0.009375   300.00000004114  8.9080275231772e-14  0.80000000001282  0.19999999998711  
 0.0096875   300.00000004114  8.9080275231772e-14  0.80000000001282  0.19999999998711  
 0.01   300.00000004114  8.9080275231772e-14  0.80000000001282  0.19999999998711  
 0.0103125   300.00000004114  8.9080275231772e-14  0.80000000001282  0.19999999998711  
 0.010625   300.00000004114  8.9080275231772e-14  0.80000000001282  0.19999999998711  
 0.0109375   300.00000004114  8.9080275231772e-14  0.80000000001282  0.19999999998711  
 0.01125   300.00000004114  8.9080275231772e-14  0.80000000001282  0.19999999998711  
 0.0115625   300.00000004114  8.9080275231772e-14  0.80000000001282  0.19999999998711  
 0.011875   300.00000004114  8.9080275231772e-14  0.80000000001282  0.19999999998711  
 0.0121875   300.00000004114  8.9080275231772e-14  0.80000000001282  0.19999999998711  
 0.0125   300.00000004114  8.9080275231772e-14  0.80000000001282  0.19999999998711  
 0.0128125   300.00000004114  8.9080275231772e-14  0.80000000001282  0.19999999998711  
 0.013125   300.00000004114  8.9080275231772e-14  0.80000000001282  0.19999999998711  
 0.0134375   300.00000004114  8.9080275231772e-14  0.80000000001282  0.19999999998711  
 0.01375   300.00000004114  8.9080275231772e-14  0.80000000001282  0.19999999998711  
 0.0140625   300.00000004114  8.9080275231772e-14  0.80000000001282  0.19999999998711  
 0.014375   300.00000004114  8.9080275231772e-14  0.80000000001282  0.19999999998711  
 0.0146875   300.00000004114  8.9080275231772e-14  0.80000000001282  0.19999999998711  
 0.015   300.00000004114  8.9080275231772e-14  0.80000000001282  0.19999999998711  
 0.0153125   300.00000004114  8.9080275231772e-14  0.80000000001282  0.19999999998711  
 0.015625   300.00000004114  8.9080275231772e-14  0.80000000001282  0.19999999998711  
 0.0159375   300.00000004114  8.9080275231772e-14  0.80000000001282  0.19999999998711  
 0.01625   300.00000004114  8.9080275231772e-14  0.80000000001282  0.19999999998711  
 0.0165625   300.00000004114  8.9080275231772e-14  0.80000000001282  0.19999999998711  
 0.016875   300.00000004114  8.9080275231772e-14  0.80000000001282  0.19999999998711  
 0.0171875   300.00000004114  8.9080275231772e-14  0.80000000001282  0.19999999998711  
 0.0175   300.00000004114  8.9080275231772e-14  0.80000000001282  0.19999999998711  
 0.0178125   300.00000004114  8.9080275231772e-14  0.80000000001282  0.19999999998711  
 0.018125   300.00000004114  8.9080275231772e-14  0.80000000001282  0.19999999998711  
 0.0184375   300.00000004114  8.9080275231772e-14  0.80000000001282  0.19999999998711  
 0.01875   300.00000004114  8.9080275231772e-14  0.80000000001282  0.19999999998711  
 0.0190625   300.00000004114  8.9080275231772e-14  0.80000000001282  0.19999999998711  
 0.019375   300.00000004114  8.9080275231772e-14  0.80000000001282  0.19999999998711  
 0.0196875   300.00000004114  8.9080275231772e-14  0.80000000001282  0.19999999998711  
 0.02   300  0  0.8  0.2  
