# TIME: 0.001
#  x     Variables:...

 0   1000  0  0.8  0.2  
 0.0003125   1112.6125642833  0.0052426080603646  0.99367127067442  0.0010863884475191  
 0.000625   1040.4800236476  0.0034227884405524  0.99616298319582  0.00041418165067529  
 0.0009375   490.95028674249  1.5224437084204e-05  0.82543807653947  0.17454669484652  
 0.00125   340.09785316954  7.0718598064378e-08  0.80275628172534  0.19724364755475  
 0.0015625   307.90986447759  2.2600249331029e-10  0.80027592563993  0.19972407413406  
 0.001875   301.42232582418  7.6020424222841e-13  0.80002428890896  0.19997571109028  
 0.0021875   300.23095694181  9.3835862925474e-14  0.80000187268722  0.19999812731269  
 0.0025   300.03383619667  8.9506604455243e-14  0.80000012857292  0.199999871427  
 0.0028125   300.00448656077  8.9136009473303e-14  0.80000000803401  0.19999999196591  
 0.003125   300.00054132939  8.9086994661452e-14  0.80000000047847  0.19999999952145  
 0.0034375   300.00005983376  8.9081017310779e-14  0.80000000004043  0.1999999999595  
 0.00375   300.00000613159  8.9080350803183e-14  0.80000000001653  0.19999999998339  
 0.0040625   300.00000062243  8.908028244219e-14  0.8000000000153  0.19999999998464  
 0.004375   300.00000009944  8.9080275954053e-14  0.80000000001524  0.1999999999847  
 0.0046875   300.00000005325  8.9080275381131e-14  0.80000000001524  0.1999999999847  
 0.005   300.00000004944  8.9080275333834e-14  0.80000000001524  0.1999999999847  
 0.0053125   300.00000004914  8.9080275330165e-14  0.80000000001524  0.1999999999847  
 0.005625   300.00000004912  8.9080275329889e-14  0.80000000001524  0.1999999999847  
 0.0059375   300.00000004912  8.9080275329888e-14  0.80000000001524  0.1999999999847  
 0.00625   300.00000004912  8.9080275329888e-14  0.80000000001524  0.1999999999847  
 0.0065625   300.00000004912  8.9080275329888e-14  0.80000000001524  0.1999999999847  
 0.006875   300.00000004912  8.9080275329888e-14  0.80000000001524  0.1999999999847  
 0.0071875   300.00000004912  8.9080275329888e-14  0.80000000001524  0.1999999999847  
 0.0075   300.00000004912  8.9080275329888e-14  0.80000000001524  0.1999999999847  
 0.0078125   300.00000004912  8.9080275329888e-14  0.80000000001524  0.1999999999847  
 0.008125   300.00000004912  8.9080275329888e-14  0.80000000001524  0.1999999999847  
 0.0084375   300.00000004912  8.9080275329888e-14  0.80000000001524  0.1999999999847  
 0.00875   300.00000004912  8.9080275329888e-14  0.80000000001524  0.1999999999847  
 0.0090625   300.00000004912  8.9080275329888e-14  0.80000000001524  0.1999999999847  
 0.009375   300.00000004912  8.9080275329888e-14  0.80000000001524  0.1999999999847  
 0.0096875   300.00000004912  8.9080275329888e-14  0.80000000001524  0.1999999999847  
 0.01   300.00000004912  8.9080275329888e-14  0.80000000001524  0.1999999999847  
 0.0103125   300.00000004912  8.9080275329888e-14  0.80000000001524  0.1999999999847  
 0.010625   300.00000004912  8.9080275329888e-14  0.80000000001524  0.1999999999847  
 0.0109375   300.00000004912  8.9080275329888e-14  0.80000000001524  0.1999999999847  
 0.01125   300.00000004912  8.9080275329888e-14  0.80000000001524  0.1999999999847  
 0.0115625   300.00000004912  8.9080275329888e-14  0.80000000001524  0.1999999999847  
 0.011875   300.00000004912  8.9080275329888e-14  0.80000000001524  0.1999999999847  
 0.0121875   300.00000004912  8.9080275329888e-14  0.80000000001524  0.1999999999847  
 0.0125   300.00000004912  8.9080275329888e-14  0.80000000001524  0.1999999999847  
 0.0128125   300.00000004912  8.9080275329888e-14  0.80000000001524  0.1999999999847  
 0.013125   300.00000004912  8.9080275329888e-14  0.80000000001524  0.1999999999847  
 0.0134375   300.00000004912  8.9080275329888e-14  0.80000000001524  0.1999999999847  
 0.01375   300.00000004912  8.9080275329888e-14  0.80000000001524  0.1999999999847  
 0.0140625   300.00000004912  8.9080275329888e-14  0.80000000001524  0.1999999999847  
 0.014375   300.00000004912  8.9080275329888e-14  0.80000000001524  0.1999999999847  
 0.0146875   300.00000004912  8.9080275329888e-14  0.80000000001524  0.1999999999847  
 0.015   300.00000004912  8.9080275329888e-14  0.80000000001524  0.1999999999847  
 0.0153125   300.00000004912  8.9080275329888e-14  0.80000000001524  0.1999999999847  
 0.015625   300.00000004912  8.9080275329888e-14  0.80000000001524  0.1999999999847  
 0.0159375   300.00000004912  8.9080275329888e-14  0.80000000001524  0.1999999999847  
 0.01625   300.00000004912  8.9080275329888e-14  0.80000000001524  0.1999999999847  
 0.0165625   300.00000004912  8.9080275329888e-14  0.80000000001524  0.1999999999847  
 0.016875   300.00000004912  8.9080275329888e-14  0.80000000001524  0.1999999999847  
 0.0171875   300.00000004912  8.9080275329888e-14  0.80000000001524  0.1999999999847  
 0.0175   300.00000004912  8.9080275329888e-14  0.80000000001524  0.1999999999847  
 0.0178125   300.00000004912  8.9080275329888e-14  0.80000000001524  0.1999999999847  
 0.018125   300.00000004912  8.9080275329888e-14  0.80000000001524  0.1999999999847  
 0.0184375   300.00000004912  8.9080275329888e-14  0.80000000001524  0.1999999999847  
 0.01875   300.00000004912  8.9080275329888e-14  0.80000000001524  0.1999999999847  
 0.0190625   300.00000004912  8.9080275329888e-14  0.80000000001524  0.1999999999847  
 0.019375   300.00000004912  8.9080275329888e-14  0.80000000001524  0.1999999999847  
 0.0196875   300.00000004912  8.9080275329888e-14  0.80000000001524  0.1999999999847  
 0.02   300  0  0.8  0.2  
