# TIME: 0.00138
#  x     Variables:...

 0   1000  0  0.8  0.2  
 0.0003125   1139.739883784  0.0061081983383327  0.99299708652713  0.00089515286685795  
 0.000625   1035.3571391641  0.0023864237696601  0.99743519416089  0.0001784318474166  
 0.0009375   894.67148249846  0.00095152571581624  0.95124466719003  0.047803747160053  
 0.00125   469.1911956786  4.0867644059692e-06  0.8266148770763  0.17338103600812  
 0.0015625   342.19525225116  1.6907201256096e-08  0.80460142552867  0.19539855756387  
 0.001875   309.28447297975  5.0521933593568e-11  0.80068566370885  0.19931433624063  
 0.0021875   301.85829538962  2.50210022434e-13  0.80008842643663  0.19991157356313  
 0.0025   300.34347698488  9.3801248331592e-14  0.80001009307319  0.19998990692672  
 0.0028125   300.05884980317  8.981476151934e-14  0.80000103835805  0.19999896164187  
 0.003125   300.0093505605  8.9196443337285e-14  0.80000009753737  0.19999990246255  
 0.0034375   300.00137874915  8.9097394464907e-14  0.8000000084582  0.19999999154173  
 0.00375   300.00018903991  8.9082621709874e-14  0.80000000069826  0.19999999930167  
 0.0040625   300.00002421003  8.9080575264061e-14  0.80000000007171  0.19999999992822  
 0.004375   300.00000295166  8.9080311355896e-14  0.80000000002453  0.19999999997541  
 0.0046875   300.00000039115  8.9080279572494e-14  0.8000000000212  0.19999999997874  
 0.005   300.00000010215  8.9080275985577e-14  0.80000000002098  0.19999999997896  
 0.0053125   300.00000007148  8.9080275604964e-14  0.80000000002098  0.19999999997897  
 0.005625   300.00000006841  8.9080275566865e-14  0.80000000002098  0.19999999997897  
 0.0059375   300.00000006811  8.9080275563254e-14  0.80000000002098  0.19999999997897  
 0.00625   300.00000006809  8.9080275562921e-14  0.80000000002098  0.19999999997897  
 0.0065625   300.00000006809  8.9080275562912e-14  0.80000000002098  0.19999999997897  
 0.006875   300.00000006809  8.9080275562912e-14  0.80000000002098  0.19999999997897  
 0.0071875   300.00000006809  8.9080275562912e-14  0.80000000002098  0.19999999997897  
 0.0075   300.00000006809  8.9080275562912e-14  0.80000000002098  0.19999999997897  
 0.0078125   300.00000006809  8.9080275562912e-14  0.80000000002098  0.19999999997897  
 0.008125   300.00000006809  8.9080275562912e-14  0.80000000002098  0.19999999997897  
 0.0084375   300.00000006809  8.9080275562912e-14  0.80000000002098  0.19999999997897  
 0.00875   300.00000006809  8.9080275562912e-14  0.80000000002098  0.19999999997897  
 0.0090625   300.00000006809  8.9080275562912e-14  0.80000000002098  0.19999999997897  
 0.009375   300.00000006809  8.9080275562912e-14  0.80000000002098  0.19999999997897  
 0.0096875   300.00000006809  8.9080275562912e-14  0.80000000002098  0.19999999997897  
 0.01   300.00000006809  8.9080275562912e-14  0.80000000002098  0.19999999997897  
 0.0103125   300.00000006809  8.9080275562912e-14  0.80000000002098  0.19999999997897  
 0.010625   300.00000006809  8.9080275562912e-14  0.80000000002098  0.19999999997897  
 0.0109375   300.00000006809  8.9080275562912e-14  0.80000000002098  0.19999999997897  
 0.01125   300.00000006809  8.9080275562912e-14  0.80000000002098  0.19999999997897  
 0.0115625   300.00000006809  8.9080275562912e-14  0.80000000002098  0.19999999997897  
 0.011875   300.00000006809  8.9080275562912e-14  0.80000000002098  0.19999999997897  
 0.0121875   300.00000006809  8.9080275562912e-14  0.80000000002098  0.19999999997897  
 0.0125   300.00000006809  8.9080275562912e-14  0.80000000002098  0.19999999997897  
 0.0128125   300.00000006809  8.9080275562912e-14  0.80000000002098  0.19999999997897  
 0.013125   300.00000006809  8.9080275562912e-14  0.80000000002098  0.19999999997897  
 0.0134375   300.00000006809  8.9080275562912e-14  0.80000000002098  0.19999999997897  
 0.01375   300.00000006809  8.9080275562912e-14  0.80000000002098  0.19999999997897  
 0.0140625   300.00000006809  8.9080275562912e-14  0.80000000002098  0.19999999997897  
 0.014375   300.00000006809  8.9080275562912e-14  0.80000000002098  0.19999999997897  
 0.0146875   300.00000006809  8.9080275562912e-14  0.80000000002098  0.19999999997897  
 0.015   300.00000006809  8.9080275562912e-14  0.80000000002098  0.19999999997897  
 0.0153125   300.00000006809  8.9080275562912e-14  0.80000000002098  0.19999999997897  
 0.015625   300.00000006809  8.9080275562912e-14  0.80000000002098  0.19999999997897  
 0.0159375   300.00000006809  8.9080275562912e-14  0.80000000002098  0.19999999997897  
 0.01625   300.00000006809  8.9080275562912e-14  0.80000000002098  0.19999999997897  
 0.0165625   300.00000006809  8.9080275562912e-14  0.80000000002098  0.19999999997897  
 0.016875   300.00000006809  8.9080275562912e-14  0.80000000002098  0.19999999997897  
 0.0171875   300.00000006809  8.9080275562912e-14  0.80000000002098  0.19999999997897  
 0.0175   300.00000006809  8.9080275562912e-14  0.80000000002098  0.19999999997897  
 0.0178125   300.00000006809  8.9080275562912e-14  0.80000000002098  0.19999999997897  
 0.018125   300.00000006809  8.9080275562912e-14  0.80000000002098  0.19999999997897  
 0.0184375   300.00000006809  8.9080275562912e-14  0.80000000002098  0.19999999997897  
 0.01875   300.00000006809  8.9080275562912e-14  0.80000000002098  0.19999999997897  
 0.0190625   300.00000006809  8.9080275562912e-14  0.80000000002098  0.19999999997897  
 0.019375   300.00000006809  8.9080275562912e-14  0.80000000002098  0.19999999997897  
 0.0196875   300.00000006809  8.9080275562912e-14  0.80000000002098  0.19999999997897  
 0.02   300  0  0.8  0.2  
