# TIME: 0.0020399999999999
#  x     Variables:...

 0   1000  0  0.8  0.2  
 0.0003125   1165.2777243183  0.0070265220858344  0.99221998391494  0.00075425046295788  
 0.000625   1111.7665584028  0.0029156618702601  0.9969825787133  0.00010181175890514  
 0.0009375   1023.2098369075  0.0012184306797066  0.99866177686913  0.00011982002681389  
 0.00125   950.11442076009  0.0012537509357456  0.9984797729051  0.00026644811409178  
 0.0015625   604.44470655072  1.1420360313714e-05  0.86625954951214  0.13372901451521  
 0.001875   395.68187985712  6.4727716640383e-08  0.81584885246658  0.18415108280243  
 0.0021875   325.9843957025  2.5576463050141e-10  0.80337497436078  0.19662502538345  
 0.0025   306.43310883509  9.9194368142217e-13  0.80065191436893  0.19934808563008  
 0.0028125   301.47293562085  1.1150332692108e-13  0.80011433675096  0.19988566324894  
 0.003125   300.31441280338  9.3069615001265e-14  0.80001829704329  0.19998170295664  
 0.0034375   300.06292365386  8.9864171118326e-14  0.80000269019276  0.19999730980717  
 0.00375   300.01185073804  8.9227444115234e-14  0.8000003658343  0.19999963416563  
 0.0040625   300.00210568701  8.910641363362e-14  0.80000004629789  0.19999995370205  
 0.004375   300.00035370748  8.9084665665303e-14  0.80000000550102  0.19999999449891  
 0.0046875   300.00005631993  8.9080973925192e-14  0.80000000063809  0.19999999936185  
 0.005   300.00000857581  8.9080381185734e-14  0.80000000009444  0.19999999990551  
 0.0053125   300.00000131423  8.9080291030052e-14  0.8000000000372  0.19999999996275  
 0.005625   300.00000026622  8.908027801851e-14  0.80000000003151  0.19999999996844  
 0.0059375   300.00000012245  8.9080276233669e-14  0.80000000003098  0.19999999996898  
 0.00625   300.00000010368  8.9080276000559e-14  0.80000000003094  0.19999999996902  
 0.0065625   300.00000010134  8.9080275971521e-14  0.80000000003094  0.19999999996903  
 0.006875   300.00000010106  8.9080275968065e-14  0.80000000003094  0.19999999996903  
 0.0071875   300.00000010103  8.9080275967667e-14  0.80000000003094  0.19999999996903  
 0.0075   300.00000010103  8.9080275967639e-14  0.80000000003094  0.19999999996903  
 0.0078125   300.00000010103  8.9080275967639e-14  0.80000000003094  0.19999999996903  
 0.008125   300.00000010103  8.9080275967639e-14  0.80000000003094  0.19999999996903  
 0.0084375   300.00000010103  8.9080275967639e-14  0.80000000003094  0.19999999996903  
 0.00875   300.00000010103  8.9080275967639e-14  0.80000000003094  0.19999999996903  
 0.0090625   300.00000010103  8.9080275967639e-14  0.80000000003094  0.19999999996903  
 0.009375   300.00000010103  8.9080275967639e-14  0.80000000003094  0.19999999996903  
 0.0096875   300.00000010103  8.9080275967639e-14  0.80000000003094  0.19999999996903  
 0.01   300.00000010103  8.9080275967639e-14  0.80000000003094  0.19999999996903  
 0.0103125   300.00000010103  8.9080275967639e-14  0.80000000003094  0.19999999996903  
 0.010625   300.00000010103  8.9080275967639e-14  0.80000000003094  0.19999999996903  
 0.0109375   300.00000010103  8.9080275967639e-14  0.80000000003094  0.19999999996903  
 0.01125   300.00000010103  8.9080275967639e-14  0.80000000003094  0.19999999996903  
 0.0115625   300.00000010103  8.9080275967639e-14  0.80000000003094  0.19999999996903  
 0.011875   300.00000010103  8.9080275967639e-14  0.80000000003094  0.19999999996903  
 0.0121875   300.00000010103  8.9080275967639e-14  0.80000000003094  0.19999999996903  
 0.0125   300.00000010103  8.9080275967639e-14  0.80000000003094  0.19999999996903  
 0.0128125   300.00000010103  8.9080275967639e-14  0.80000000003094  0.19999999996903  
 0.013125   300.00000010103  8.9080275967639e-14  0.80000000003094  0.19999999996903  
 0.0134375   300.00000010103  8.9080275967639e-14  0.80000000003094  0.19999999996903  
 0.01375   300.00000010103  8.9080275967639e-14  0.80000000003094  0.19999999996903  
 0.0140625   300.00000010103  8.9080275967639e-14  0.80000000003094  0.19999999996903  
 0.014375   300.00000010103  8.9080275967639e-14  0.80000000003094  0.19999999996903  
 0.0146875   300.00000010103  8.9080275967639e-14  0.80000000003094  0.19999999996903  
 0.015   300.00000010103  8.9080275967639e-14  0.80000000003094  0.19999999996903  
 0.0153125   300.00000010103  8.9080275967639e-14  0.80000000003094  0.19999999996903  
 0.015625   300.00000010103  8.9080275967639e-14  0.80000000003094  0.19999999996903  
 0.0159375   300.00000010103  8.9080275967639e-14  0.80000000003094  0.19999999996903  
 0.01625   300.00000010103  8.9080275967639e-14  0.80000000003094  0.19999999996903  
 0.0165625   300.00000010103  8.9080275967639e-14  0.80000000003094  0.19999999996903  
 0.016875   300.00000010103  8.9080275967639e-14  0.80000000003094  0.19999999996903  
 0.0171875   300.00000010103  8.9080275967639e-14  0.80000000003094  0.19999999996903  
 0.0175   300.00000010103  8.9080275967639e-14  0.80000000003094  0.19999999996903  
 0.0178125   300.00000010103  8.9080275967639e-14  0.80000000003094  0.19999999996903  
 0.018125   300.00000010103  8.9080275967639e-14  0.80000000003094  0.19999999996903  
 0.0184375   300.00000010103  8.9080275967639e-14  0.80000000003094  0.19999999996903  
 0.01875   300.00000010103  8.9080275967639e-14  0.80000000003094  0.19999999996903  
 0.0190625   300.00000010103  8.9080275967639e-14  0.80000000003094  0.19999999996903  
 0.019375   300.00000010103  8.9080275967639e-14  0.80000000003094  0.19999999996903  
 0.0196875   300.00000010103  8.9080275967639e-14  0.80000000003094  0.19999999996903  
 0.02   300  0  0.8  0.2  
