# TIME: 0.00278
#  x     Variables:...

 0   1000  0  0.8  0.2  
 0.0003125   1181.346272873  0.0076496001725271  0.99167130204659  0.0006802311081481  
 0.000625   1154.5552431311  0.0035715525600473  0.9963465454805  8.195510488241e-05  
 0.0009375   1092.9935829886  0.0016397715125685  0.99828576508886  7.4491019850339e-05  
 0.00125   1014.9100008955  0.00075069657538891  0.99916088227053  8.8440067228842e-05  
 0.0015625   927.02637638778  0.00057582525756509  0.99921576309038  0.00020841734123152  
 0.001875   750.42648080421  0.0001426018699222  0.92104420766295  0.078813154551423  
 0.0021875   481.05340307416  7.7088860168582e-07  0.83713560601166  0.16286362305598  
 0.0025   360.99203787008  3.9512802212307e-09  0.81023955851073  0.18976043753788  
 0.0028125   318.29127769798  1.4851126210702e-11  0.80255814146999  0.19744185851517  
 0.003125   305.04946249661  2.1972251127469e-13  0.80058692516617  0.19941307483363  
 0.0034375   301.30113960093  1.0680995573258e-13  0.80012454528782  0.19987545471208  
 0.00375   300.31502607098  9.306807816015e-14  0.80002455243968  0.19997544756025  
 0.0040625   300.07198025033  8.9976914863616e-14  0.80000451461726  0.19999548538267  
 0.004375   300.01557548741  8.9273636279173e-14  0.80000077732414  0.19999922267579  
 0.0046875   300.003201077  8.9119994910817e-14  0.80000012580997  0.19999987418997  
 0.005   300.00062642608  8.908804842649e-14  0.80000001923139  0.19999998076855  
 0.0053125   300.00011703431  8.9081727314811e-14  0.80000000281152  0.19999999718843  
 0.005625   300.00002098771  8.9080535241825e-14  0.80000000042121  0.19999999957874  
 0.0059375   300.00000369692  8.9080320605426e-14  0.80000000009144  0.19999999990852  
 0.00625   300.00000072013  8.908028364944e-14  0.80000000004821  0.19999999995176  
 0.0065625   300.00000022933  8.908027755592e-14  0.80000000004281  0.19999999995716  
 0.006875   300.00000015173  8.9080276592477e-14  0.80000000004218  0.1999999999578  
 0.0071875   300.00000013995  8.9080276446218e-14  0.80000000004211  0.19999999995787  
 0.0075   300.00000013824  8.908027642487e-14  0.80000000004211  0.19999999995787  
 0.0078125   300.00000013799  8.9080276421872e-14  0.80000000004211  0.19999999995787  
 0.008125   300.00000013796  8.9080276421461e-14  0.80000000004211  0.19999999995787  
 0.0084375   300.00000013796  8.9080276421423e-14  0.80000000004211  0.19999999995787  
 0.00875   300.00000013796  8.9080276421423e-14  0.80000000004211  0.19999999995787  
 0.0090625   300.00000013796  8.9080276421423e-14  0.80000000004211  0.19999999995787  
 0.009375   300.00000013796  8.9080276421423e-14  0.80000000004211  0.19999999995787  
 0.0096875   300.00000013796  8.9080276421423e-14  0.80000000004211  0.19999999995787  
 0.01   300.00000013796  8.9080276421423e-14  0.80000000004211  0.19999999995787  
 0.0103125   300.00000013796  8.9080276421423e-14  0.80000000004211  0.19999999995787  
 0.010625   300.00000013796  8.9080276421423e-14  0.80000000004211  0.19999999995787  
 0.0109375   300.00000013796  8.9080276421423e-14  0.80000000004211  0.19999999995787  
 0.01125   300.00000013796  8.9080276421423e-14  0.80000000004211  0.19999999995787  
 0.0115625   300.00000013796  8.9080276421423e-14  0.80000000004211  0.19999999995787  
 0.011875   300.00000013796  8.9080276421423e-14  0.80000000004211  0.19999999995787  
 0.0121875   300.00000013796  8.9080276421423e-14  0.80000000004211  0.19999999995787  
 0.0125   300.00000013796  8.9080276421423e-14  0.80000000004211  0.19999999995787  
 0.0128125   300.00000013796  8.9080276421423e-14  0.80000000004211  0.19999999995787  
 0.013125   300.00000013796  8.9080276421423e-14  0.80000000004211  0.19999999995787  
 0.0134375   300.00000013796  8.9080276421423e-14  0.80000000004211  0.19999999995787  
 0.01375   300.00000013796  8.9080276421423e-14  0.80000000004211  0.19999999995787  
 0.0140625   300.00000013796  8.9080276421423e-14  0.80000000004211  0.19999999995787  
 0.014375   300.00000013796  8.9080276421423e-14  0.80000000004211  0.19999999995787  
 0.0146875   300.00000013796  8.9080276421423e-14  0.80000000004211  0.19999999995787  
 0.015   300.00000013796  8.9080276421423e-14  0.80000000004211  0.19999999995787  
 0.0153125   300.00000013796  8.9080276421423e-14  0.80000000004211  0.19999999995787  
 0.015625   300.00000013796  8.9080276421423e-14  0.80000000004211  0.19999999995787  
 0.0159375   300.00000013796  8.9080276421423e-14  0.80000000004211  0.19999999995787  
 0.01625   300.00000013796  8.9080276421423e-14  0.80000000004211  0.19999999995787  
 0.0165625   300.00000013796  8.9080276421423e-14  0.80000000004211  0.19999999995787  
 0.016875   300.00000013796  8.9080276421423e-14  0.80000000004211  0.19999999995787  
 0.0171875   300.00000013796  8.9080276421423e-14  0.80000000004211  0.19999999995787  
 0.0175   300.00000013796  8.9080276421423e-14  0.80000000004211  0.19999999995787  
 0.0178125   300.00000013796  8.9080276421423e-14  0.80000000004211  0.19999999995787  
 0.018125   300.00000013796  8.9080276421423e-14  0.80000000004211  0.19999999995787  
 0.0184375   300.00000013796  8.9080276421423e-14  0.80000000004211  0.19999999995787  
 0.01875   300.00000013796  8.9080276421423e-14  0.80000000004211  0.19999999995787  
 0.0190625   300.00000013796  8.9080276421423e-14  0.80000000004211  0.19999999995787  
 0.019375   300.00000013796  8.9080276421423e-14  0.80000000004211  0.19999999995787  
 0.0196875   300.00000013796  8.9080276421423e-14  0.80000000004211  0.19999999995787  
 0.02   300  0  0.8  0.2  
