# TIME: 0.0028600000000001
#  x     Variables:...

 0   1000  0  0.8  0.2  
 0.0003125   1182.6200958448  0.0076998143524096  0.99162655806469  0.000674802454778  
 0.000625   1157.9984504238  0.0036293162162587  0.99629012349905  8.06135158366e-05  
 0.0009375   1098.8721137662  0.0016911251378981  0.99823669124591  7.2211244289739e-05  
 0.00125   1022.1632457768  0.00077424732233824  0.9991422242821  8.3547314688095e-05  
 0.0015625   933.62212595229  0.00051867800029478  0.9993015506275  0.00017978339228487  
 0.001875   842.1524303802  0.000511645544542  0.95804247329641  0.041445840150593  
 0.0021875   514.05425260664  2.5350956573617e-06  0.84588553362756  0.15411193111403  
 0.0025   373.98687262428  1.3377511043682e-08  0.81290938671461  0.18709059990755  
 0.0028125   322.84327405432  5.0704055963579e-11  0.80332971553495  0.19667028441435  
 0.003125   306.47187769308  3.6350615045105e-13  0.80078851290625  0.1992114870934  
 0.0034375   301.70889925597  1.1328558275522e-13  0.8001726574527  0.1998273425472  
 0.00375   300.42379453337  9.448449216532e-14  0.80003513647122  0.19996486352871  
 0.0040625   300.09916897461  9.0317687089307e-14  0.80000667272927  0.19999332727066  
 0.004375   300.02197470272  8.935316123425e-14  0.80000118702587  0.19999881297406  
 0.0046875   300.00462471003  8.9137658963431e-14  0.80000019852796  0.19999980147198  
 0.005   300.00092677048  8.9091774762465e-14  0.80000003134609  0.19999996865386  
 0.0053125   300.00017728839  8.9082475026192e-14  0.80000000471349  0.19999999528646  
 0.005625   300.00003251067  8.9080678261626e-14  0.80000000070428  0.19999999929568  
 0.0059375   300.00000580377  8.9080346758756e-14  0.80000000013226  0.1999999998677  
 0.00625   300.00000109129  8.908028825691e-14  0.8000000000547  0.19999999994526  
 0.0065625   300.00000029473  8.9080278367385e-14  0.80000000004469  0.19999999995528  
 0.006875   300.00000016558  8.908027676383e-14  0.80000000004347  0.19999999995651  
 0.0071875   300.00000014546  8.9080276514114e-14  0.80000000004333  0.19999999995665  
 0.0075   300.00000014245  8.9080276476719e-14  0.80000000004332  0.19999999995667  
 0.0078125   300.00000014202  8.9080276471328e-14  0.80000000004332  0.19999999995667  
 0.008125   300.00000014196  8.9080276470577e-14  0.80000000004332  0.19999999995667  
 0.0084375   300.00000014195  8.9080276470482e-14  0.80000000004332  0.19999999995667  
 0.00875   300.00000014195  8.9080276470481e-14  0.80000000004332  0.19999999995667  
 0.0090625   300.00000014195  8.9080276470481e-14  0.80000000004332  0.19999999995667  
 0.009375   300.00000014195  8.9080276470481e-14  0.80000000004332  0.19999999995667  
 0.0096875   300.00000014195  8.9080276470481e-14  0.80000000004332  0.19999999995667  
 0.01   300.00000014195  8.9080276470481e-14  0.80000000004332  0.19999999995667  
 0.0103125   300.00000014195  8.9080276470481e-14  0.80000000004332  0.19999999995667  
 0.010625   300.00000014195  8.9080276470481e-14  0.80000000004332  0.19999999995667  
 0.0109375   300.00000014195  8.9080276470481e-14  0.80000000004332  0.19999999995667  
 0.01125   300.00000014195  8.9080276470481e-14  0.80000000004332  0.19999999995667  
 0.0115625   300.00000014195  8.9080276470481e-14  0.80000000004332  0.19999999995667  
 0.011875   300.00000014195  8.9080276470481e-14  0.80000000004332  0.19999999995667  
 0.0121875   300.00000014195  8.9080276470481e-14  0.80000000004332  0.19999999995667  
 0.0125   300.00000014195  8.9080276470481e-14  0.80000000004332  0.19999999995667  
 0.0128125   300.00000014195  8.9080276470481e-14  0.80000000004332  0.19999999995667  
 0.013125   300.00000014195  8.9080276470481e-14  0.80000000004332  0.19999999995667  
 0.0134375   300.00000014195  8.9080276470481e-14  0.80000000004332  0.19999999995667  
 0.01375   300.00000014195  8.9080276470481e-14  0.80000000004332  0.19999999995667  
 0.0140625   300.00000014195  8.9080276470481e-14  0.80000000004332  0.19999999995667  
 0.014375   300.00000014195  8.9080276470481e-14  0.80000000004332  0.19999999995667  
 0.0146875   300.00000014195  8.9080276470481e-14  0.80000000004332  0.19999999995667  
 0.015   300.00000014195  8.9080276470481e-14  0.80000000004332  0.19999999995667  
 0.0153125   300.00000014195  8.9080276470481e-14  0.80000000004332  0.19999999995667  
 0.015625   300.00000014195  8.9080276470481e-14  0.80000000004332  0.19999999995667  
 0.0159375   300.00000014195  8.9080276470481e-14  0.80000000004332  0.19999999995667  
 0.01625   300.00000014195  8.9080276470481e-14  0.80000000004332  0.19999999995667  
 0.0165625   300.00000014195  8.9080276470481e-14  0.80000000004332  0.19999999995667  
 0.016875   300.00000014195  8.9080276470481e-14  0.80000000004332  0.19999999995667  
 0.0171875   300.00000014195  8.9080276470481e-14  0.80000000004332  0.19999999995667  
 0.0175   300.00000014195  8.9080276470481e-14  0.80000000004332  0.19999999995667  
 0.0178125   300.00000014195  8.9080276470481e-14  0.80000000004332  0.19999999995667  
 0.018125   300.00000014195  8.9080276470481e-14  0.80000000004332  0.19999999995667  
 0.0184375   300.00000014195  8.9080276470481e-14  0.80000000004332  0.19999999995667  
 0.01875   300.00000014195  8.9080276470481e-14  0.80000000004332  0.19999999995667  
 0.0190625   300.00000014195  8.9080276470481e-14  0.80000000004332  0.19999999995667  
 0.019375   300.00000014195  8.9080276470481e-14  0.80000000004332  0.19999999995667  
 0.0196875   300.00000014195  8.9080276470481e-14  0.80000000004332  0.19999999995667  
 0.02   300  0  0.8  0.2  
