# TIME: 0.00172
#  x     Variables:...

 0   1000  0  0.8  0.2  
 0.0003125   1154.8026646197  0.0066263186776462  0.99256556242045  0.00080871804599564  
 0.000625   1086.485297352  0.0025898406101106  0.99729281980196  0.00011739154630054  
 0.0009375   979.23207432314  0.0013506384808462  0.99844592536181  0.00020344329190721  
 0.00125   697.70314150525  6.0403064972037e-05  0.88962562821462  0.11031392879228  
 0.0015625   432.10953830341  3.2306027777994e-07  0.82185566028715  0.17814401663714  
 0.001875   335.14023664388  1.3670503622014e-09  0.80439159244754  0.19560840618537  
 0.0021875   308.25432935567  4.4917630032406e-12  0.80076489128684  0.19923510870868  
 0.0025   301.7807447866  1.2596931367057e-13  0.80011884466862  0.19988115533126  
 0.0028125   300.35735563767  9.3656297834162e-14  0.80001670078396  0.19998329921596  
 0.003125   300.06700591472  8.9915652157678e-14  0.80000214040118  0.19999785959875  
 0.0034375   300.01176521303  8.9226422323056e-14  0.80000025196717  0.19999974803276  
 0.00375   300.00193758777  8.910433129859e-14  0.80000002744447  0.19999997255546  
 0.0040625   300.00029979261  8.9083996758729e-14  0.80000000280181  0.19999999719813  
 0.004375   300.00004370339  8.9080817310558e-14  0.80000000028891  0.19999999971102  
 0.0046875   300.00000606852  8.9080350056247e-14  0.80000000004948  0.19999999995047  
 0.005   300.00000086028  8.9080285395212e-14  0.80000000002805  0.19999999997189  
 0.0053125   300.00000018012  8.908027695146e-14  0.80000000002625  0.1999999999737  
 0.005625   300.00000009611  8.9080275908649e-14  0.80000000002611  0.19999999997384  
 0.0059375   300.00000008628  8.908027578657e-14  0.80000000002611  0.19999999997385  
 0.00625   300.00000008518  8.9080275772993e-14  0.80000000002611  0.19999999997385  
 0.0065625   300.00000008507  8.9080275771552e-14  0.80000000002611  0.19999999997385  
 0.006875   300.00000008506  8.9080275771408e-14  0.80000000002611  0.19999999997385  
 0.0071875   300.00000008506  8.9080275771407e-14  0.80000000002611  0.19999999997385  
 0.0075   300.00000008506  8.9080275771407e-14  0.80000000002611  0.19999999997385  
 0.0078125   300.00000008506  8.9080275771407e-14  0.80000000002611  0.19999999997385  
 0.008125   300.00000008506  8.9080275771407e-14  0.80000000002611  0.19999999997385  
 0.0084375   300.00000008506  8.9080275771407e-14  0.80000000002611  0.19999999997385  
 0.00875   300.00000008506  8.9080275771407e-14  0.80000000002611  0.19999999997385  
 0.0090625   300.00000008506  8.9080275771407e-14  0.80000000002611  0.19999999997385  
 0.009375   300.00000008506  8.9080275771407e-14  0.80000000002611  0.19999999997385  
 0.0096875   300.00000008506  8.9080275771407e-14  0.80000000002611  0.19999999997385  
 0.01   300.00000008506  8.9080275771407e-14  0.80000000002611  0.19999999997385  
 0.0103125   300.00000008506  8.9080275771407e-14  0.80000000002611  0.19999999997385  
 0.010625   300.00000008506  8.9080275771407e-14  0.80000000002611  0.19999999997385  
 0.0109375   300.00000008506  8.9080275771407e-14  0.80000000002611  0.19999999997385  
 0.01125   300.00000008506  8.9080275771407e-14  0.80000000002611  0.19999999997385  
 0.0115625   300.00000008506  8.9080275771407e-14  0.80000000002611  0.19999999997385  
 0.011875   300.00000008506  8.9080275771407e-14  0.80000000002611  0.19999999997385  
 0.0121875   300.00000008506  8.9080275771407e-14  0.80000000002611  0.19999999997385  
 0.0125   300.00000008506  8.9080275771407e-14  0.80000000002611  0.19999999997385  
 0.0128125   300.00000008506  8.9080275771407e-14  0.80000000002611  0.19999999997385  
 0.013125   300.00000008506  8.9080275771407e-14  0.80000000002611  0.19999999997385  
 0.0134375   300.00000008506  8.9080275771407e-14  0.80000000002611  0.19999999997385  
 0.01375   300.00000008506  8.9080275771407e-14  0.80000000002611  0.19999999997385  
 0.0140625   300.00000008506  8.9080275771407e-14  0.80000000002611  0.19999999997385  
 0.014375   300.00000008506  8.9080275771407e-14  0.80000000002611  0.19999999997385  
 0.0146875   300.00000008506  8.9080275771407e-14  0.80000000002611  0.19999999997385  
 0.015   300.00000008506  8.9080275771407e-14  0.80000000002611  0.19999999997385  
 0.0153125   300.00000008506  8.9080275771407e-14  0.80000000002611  0.19999999997385  
 0.015625   300.00000008506  8.9080275771407e-14  0.80000000002611  0.19999999997385  
 0.0159375   300.00000008506  8.9080275771407e-14  0.80000000002611  0.19999999997385  
 0.01625   300.00000008506  8.9080275771407e-14  0.80000000002611  0.19999999997385  
 0.0165625   300.00000008506  8.9080275771407e-14  0.80000000002611  0.19999999997385  
 0.016875   300.00000008506  8.9080275771407e-14  0.80000000002611  0.19999999997385  
 0.0171875   300.00000008506  8.9080275771407e-14  0.80000000002611  0.19999999997385  
 0.0175   300.00000008506  8.9080275771407e-14  0.80000000002611  0.19999999997385  
 0.0178125   300.00000008506  8.9080275771407e-14  0.80000000002611  0.19999999997385  
 0.018125   300.00000008506  8.9080275771407e-14  0.80000000002611  0.19999999997385  
 0.0184375   300.00000008506  8.9080275771407e-14  0.80000000002611  0.19999999997385  
 0.01875   300.00000008506  8.9080275771407e-14  0.80000000002611  0.19999999997385  
 0.0190625   300.00000008506  8.9080275771407e-14  0.80000000002611  0.19999999997385  
 0.019375   300.00000008506  8.9080275771407e-14  0.80000000002611  0.19999999997385  
 0.0196875   300.00000008506  8.9080275771407e-14  0.80000000002611  0.19999999997385  
 0.02   300  0  0.8  0.2  
