# TIME: 0.00222
#  x     Variables:...

 0   1000  0  0.8  0.2  
 0.0003125   1170.0510153914  0.0072090050026679  0.99206067745242  0.0007311642269055  
 0.000625   1124.6254764923  0.0030940113981481  0.9968110336287  9.5007512971559e-05  
 0.0009375   1044.5034283556  0.0012959808443111  0.99860403441079  0.00010001229062551  
 0.00125   947.83593424922  0.00085925368186148  0.998927792281  0.00021295691136603  
 0.0015625   708.90046467574  7.1892892151309e-05  0.90036965111671  0.099558419901189  
 0.001875   450.7255255158  3.8764840616876e-07  0.82808867918632  0.17191093314527  
 0.0021875   345.34587870024  1.7987472078792e-09  0.80674592279719  0.19325407540401  
 0.0025   312.09611711852  6.306231990772e-12  0.80144130747226  0.19855869252144  
 0.0028125   302.96479308623  1.5114046421414e-13  0.80027936553887  0.19972063446099  
 0.003125   300.67670015211  9.7911578049685e-14  0.80004955942401  0.1999504405759  
 0.0034375   300.14475767614  9.0893070652846e-14  0.8000080938914  0.19999190610852  
 0.00375   300.02914593096  8.9442529876696e-14  0.80000122354428  0.19999877645565  
 0.0040625   300.00554090311  8.9149054980599e-14  0.80000017211166  0.19999982788828  
 0.004375   300.00099705382  8.9092650539827e-14  0.80000002265769  0.19999997734224  
 0.0046875   300.00017020837  8.908238763778e-14  0.80000000282614  0.1999999971738  
 0.005   300.00002767557  8.9080618301202e-14  0.80000000035845  0.19999999964149  
 0.0053125   300.00000435934  8.9080328835483e-14  0.80000000006936  0.19999999993059  
 0.005625   300.00000073402  8.9080283825478e-14  0.80000000003736  0.19999999996259  
 0.0059375   300.00000019743  8.9080277163361e-14  0.80000000003401  0.19999999996595  
 0.00625   300.00000012171  8.9080276223272e-14  0.80000000003368  0.19999999996628  
 0.0065625   300.00000011151  8.9080276096607e-14  0.80000000003366  0.19999999996631  
 0.006875   300.00000011019  8.9080276080286e-14  0.80000000003366  0.19999999996631  
 0.0071875   300.00000011003  8.908027607827e-14  0.80000000003366  0.19999999996631  
 0.0075   300.00000011001  8.9080276078021e-14  0.80000000003366  0.19999999996631  
 0.0078125   300.00000011001  8.908027607802e-14  0.80000000003366  0.19999999996631  
 0.008125   300.00000011001  8.908027607802e-14  0.80000000003366  0.19999999996631  
 0.0084375   300.00000011001  8.908027607802e-14  0.80000000003366  0.19999999996631  
 0.00875   300.00000011001  8.908027607802e-14  0.80000000003366  0.19999999996631  
 0.0090625   300.00000011001  8.908027607802e-14  0.80000000003366  0.19999999996631  
 0.009375   300.00000011001  8.908027607802e-14  0.80000000003366  0.19999999996631  
 0.0096875   300.00000011001  8.908027607802e-14  0.80000000003366  0.19999999996631  
 0.01   300.00000011001  8.908027607802e-14  0.80000000003366  0.19999999996631  
 0.0103125   300.00000011001  8.908027607802e-14  0.80000000003366  0.19999999996631  
 0.010625   300.00000011001  8.908027607802e-14  0.80000000003366  0.19999999996631  
 0.0109375   300.00000011001  8.908027607802e-14  0.80000000003366  0.19999999996631  
 0.01125   300.00000011001  8.908027607802e-14  0.80000000003366  0.19999999996631  
 0.0115625   300.00000011001  8.908027607802e-14  0.80000000003366  0.19999999996631  
 0.011875   300.00000011001  8.908027607802e-14  0.80000000003366  0.19999999996631  
 0.0121875   300.00000011001  8.908027607802e-14  0.80000000003366  0.19999999996631  
 0.0125   300.00000011001  8.908027607802e-14  0.80000000003366  0.19999999996631  
 0.0128125   300.00000011001  8.908027607802e-14  0.80000000003366  0.19999999996631  
 0.013125   300.00000011001  8.908027607802e-14  0.80000000003366  0.19999999996631  
 0.0134375   300.00000011001  8.908027607802e-14  0.80000000003366  0.19999999996631  
 0.01375   300.00000011001  8.908027607802e-14  0.80000000003366  0.19999999996631  
 0.0140625   300.00000011001  8.908027607802e-14  0.80000000003366  0.19999999996631  
 0.014375   300.00000011001  8.908027607802e-14  0.80000000003366  0.19999999996631  
 0.0146875   300.00000011001  8.908027607802e-14  0.80000000003366  0.19999999996631  
 0.015   300.00000011001  8.908027607802e-14  0.80000000003366  0.19999999996631  
 0.0153125   300.00000011001  8.908027607802e-14  0.80000000003366  0.19999999996631  
 0.015625   300.00000011001  8.908027607802e-14  0.80000000003366  0.19999999996631  
 0.0159375   300.00000011001  8.908027607802e-14  0.80000000003366  0.19999999996631  
 0.01625   300.00000011001  8.908027607802e-14  0.80000000003366  0.19999999996631  
 0.0165625   300.00000011001  8.908027607802e-14  0.80000000003366  0.19999999996631  
 0.016875   300.00000011001  8.908027607802e-14  0.80000000003366  0.19999999996631  
 0.0171875   300.00000011001  8.908027607802e-14  0.80000000003366  0.19999999996631  
 0.0175   300.00000011001  8.908027607802e-14  0.80000000003366  0.19999999996631  
 0.0178125   300.00000011001  8.908027607802e-14  0.80000000003366  0.19999999996631  
 0.018125   300.00000011001  8.908027607802e-14  0.80000000003366  0.19999999996631  
 0.0184375   300.00000011001  8.908027607802e-14  0.80000000003366  0.19999999996631  
 0.01875   300.00000011001  8.908027607802e-14  0.80000000003366  0.19999999996631  
 0.0190625   300.00000011001  8.908027607802e-14  0.80000000003366  0.19999999996631  
 0.019375   300.00000011001  8.908027607802e-14  0.80000000003366  0.19999999996631  
 0.0196875   300.00000011001  8.908027607802e-14  0.80000000003366  0.19999999996631  
 0.02   300  0  0.8  0.2  
