# TIME: 0.00094000000000002
#  x     Variables:...

 0   1000  0  0.8  0.2  
 0.0003125   1102.751680916  0.0052239085480766  0.99362926811657  0.0011470623932364  
 0.000625   888.57899872178  0.00090948138326781  0.92552785548338  0.073562609443185  
 0.0009375   440.39958961508  3.8449272641416e-06  0.81429853280274  0.18569762217694  
 0.00125   330.34736101839  1.3790012312952e-08  0.80158339367875  0.19841659253105  
 0.0015625   305.85470452516  3.8157945545151e-11  0.80014722352381  0.19985277643803  
 0.001875   301.01272166973  2.0077590302689e-13  0.80001156058908  0.19998843941073  
 0.0021875   300.15697787961  9.130352712324e-14  0.80000079030444  0.19999920969548  
 0.0025   300.02183587379  8.93524775752e-14  0.80000004848651  0.1999999515134  
 0.0028125   300.00273915275  8.9114287796897e-14  0.80000000275307  0.19999999724685  
 0.003125   300.0003119893  8.9084147146332e-14  0.80000000016  0.19999999983993  
 0.0034375   300.0000325285  8.9080678370747e-14  0.80000000002173  0.19999999997819  
 0.00375   300.00000315956  8.9080313919489e-14  0.80000000001469  0.19999999998524  
 0.0040625   300.00000032249  8.9080278721023e-14  0.80000000001434  0.19999999998559  
 0.004375   300.00000006897  8.9080275576338e-14  0.80000000001433  0.1999999999856  
 0.0046875   300.00000004789  8.9080275314983e-14  0.80000000001433  0.1999999999856  
 0.005   300.00000004625  8.9080275294677e-14  0.80000000001433  0.1999999999856  
 0.0053125   300.00000004613  8.9080275293192e-14  0.80000000001433  0.1999999999856  
 0.005625   300.00000004613  8.9080275293094e-14  0.80000000001433  0.1999999999856  
 0.0059375   300.00000004613  8.9080275293094e-14  0.80000000001433  0.1999999999856  
 0.00625   300.00000004613  8.9080275293094e-14  0.80000000001433  0.1999999999856  
 0.0065625   300.00000004613  8.9080275293094e-14  0.80000000001433  0.1999999999856  
 0.006875   300.00000004613  8.9080275293094e-14  0.80000000001433  0.1999999999856  
 0.0071875   300.00000004613  8.9080275293094e-14  0.80000000001433  0.1999999999856  
 0.0075   300.00000004613  8.9080275293094e-14  0.80000000001433  0.1999999999856  
 0.0078125   300.00000004613  8.9080275293094e-14  0.80000000001433  0.1999999999856  
 0.008125   300.00000004613  8.9080275293094e-14  0.80000000001433  0.1999999999856  
 0.0084375   300.00000004613  8.9080275293094e-14  0.80000000001433  0.1999999999856  
 0.00875   300.00000004613  8.9080275293094e-14  0.80000000001433  0.1999999999856  
 0.0090625   300.00000004613  8.9080275293094e-14  0.80000000001433  0.1999999999856  
 0.009375   300.00000004613  8.9080275293094e-14  0.80000000001433  0.1999999999856  
 0.0096875   300.00000004613  8.9080275293094e-14  0.80000000001433  0.1999999999856  
 0.01   300.00000004613  8.9080275293094e-14  0.80000000001433  0.1999999999856  
 0.0103125   300.00000004613  8.9080275293094e-14  0.80000000001433  0.1999999999856  
 0.010625   300.00000004613  8.9080275293094e-14  0.80000000001433  0.1999999999856  
 0.0109375   300.00000004613  8.9080275293094e-14  0.80000000001433  0.1999999999856  
 0.01125   300.00000004613  8.9080275293094e-14  0.80000000001433  0.1999999999856  
 0.0115625   300.00000004613  8.9080275293094e-14  0.80000000001433  0.1999999999856  
 0.011875   300.00000004613  8.9080275293094e-14  0.80000000001433  0.1999999999856  
 0.0121875   300.00000004613  8.9080275293094e-14  0.80000000001433  0.1999999999856  
 0.0125   300.00000004613  8.9080275293094e-14  0.80000000001433  0.1999999999856  
 0.0128125   300.00000004613  8.9080275293094e-14  0.80000000001433  0.1999999999856  
 0.013125   300.00000004613  8.9080275293094e-14  0.80000000001433  0.1999999999856  
 0.0134375   300.00000004613  8.9080275293094e-14  0.80000000001433  0.1999999999856  
 0.01375   300.00000004613  8.9080275293094e-14  0.80000000001433  0.1999999999856  
 0.0140625   300.00000004613  8.9080275293094e-14  0.80000000001433  0.1999999999856  
 0.014375   300.00000004613  8.9080275293094e-14  0.80000000001433  0.1999999999856  
 0.0146875   300.00000004613  8.9080275293094e-14  0.80000000001433  0.1999999999856  
 0.015   300.00000004613  8.9080275293094e-14  0.80000000001433  0.1999999999856  
 0.0153125   300.00000004613  8.9080275293094e-14  0.80000000001433  0.1999999999856  
 0.015625   300.00000004613  8.9080275293094e-14  0.80000000001433  0.1999999999856  
 0.0159375   300.00000004613  8.9080275293094e-14  0.80000000001433  0.1999999999856  
 0.01625   300.00000004613  8.9080275293094e-14  0.80000000001433  0.1999999999856  
 0.0165625   300.00000004613  8.9080275293094e-14  0.80000000001433  0.1999999999856  
 0.016875   300.00000004613  8.9080275293094e-14  0.80000000001433  0.1999999999856  
 0.0171875   300.00000004613  8.9080275293094e-14  0.80000000001433  0.1999999999856  
 0.0175   300.00000004613  8.9080275293094e-14  0.80000000001433  0.1999999999856  
 0.0178125   300.00000004613  8.9080275293094e-14  0.80000000001433  0.1999999999856  
 0.018125   300.00000004613  8.9080275293094e-14  0.80000000001433  0.1999999999856  
 0.0184375   300.00000004613  8.9080275293094e-14  0.80000000001433  0.1999999999856  
 0.01875   300.00000004613  8.9080275293094e-14  0.80000000001433  0.1999999999856  
 0.0190625   300.00000004613  8.9080275293094e-14  0.80000000001433  0.1999999999856  
 0.019375   300.00000004613  8.9080275293094e-14  0.80000000001433  0.1999999999856  
 0.0196875   300.00000004613  8.9080275293094e-14  0.80000000001433  0.1999999999856  
 0.02   300  0  0.8  0.2  
