# TIME: 0.00104
#  x     Variables:...

 0   1000  0  0.8  0.2  
 0.0003125   1118.22870027  0.0053336106804613  0.99362023174456  0.0010464418935507  
 0.000625   1035.2380427923  0.0032071392915289  0.99658102916649  0.0002117981798348  
 0.0009375   525.51660438446  1.3199906034098e-05  0.8334436141755  0.16654317560484  
 0.00125   348.4237443701  6.5451810091922e-08  0.80393124050586  0.19606869404007  
 0.0015625   309.63827874816  2.1514647770137e-10  0.80040997418682  0.19959002559803  
 0.001875   301.76956789972  7.4086685192934e-13  0.80003816686125  0.19996183313801  
 0.0021875   300.29542544596  9.4614072398706e-14  0.80000314825302  0.19999685174689  
 0.0025   300.04467640695  8.9641883209734e-14  0.80000023171335  0.19999976828656  
 0.0028125   300.0061306849  8.9156440551868e-14  0.80000001545209  0.19999998454783  
 0.003125   300.00076676889  8.9089793967119e-14  0.8000000009619  0.19999999903802  
 0.0034375   300.00008792457  8.9081366033115e-14  0.80000000006999  0.19999999992994  
 0.00375   300.0000093335  8.9080390544252e-14  0.80000000001876  0.19999999998117  
 0.0040625   300.00000095983  8.908028662885e-14  0.80000000001598  0.19999999998395  
 0.004375   300.00000013398  8.9080276382272e-14  0.80000000001585  0.19999999998409  
 0.0046875   300.00000005819  8.9080275442096e-14  0.80000000001584  0.1999999999841  
 0.005   300.00000005168  8.9080275361439e-14  0.80000000001584  0.1999999999841  
 0.0053125   300.00000005116  8.9080275354938e-14  0.80000000001584  0.1999999999841  
 0.005625   300.00000005112  8.9080275354444e-14  0.80000000001584  0.1999999999841  
 0.0059375   300.00000005112  8.9080275354416e-14  0.80000000001584  0.1999999999841  
 0.00625   300.00000005112  8.9080275354416e-14  0.80000000001584  0.1999999999841  
 0.0065625   300.00000005112  8.9080275354416e-14  0.80000000001584  0.1999999999841  
 0.006875   300.00000005112  8.9080275354416e-14  0.80000000001584  0.1999999999841  
 0.0071875   300.00000005112  8.9080275354416e-14  0.80000000001584  0.1999999999841  
 0.0075   300.00000005112  8.9080275354416e-14  0.80000000001584  0.1999999999841  
 0.0078125   300.00000005112  8.9080275354416e-14  0.80000000001584  0.1999999999841  
 0.008125   300.00000005112  8.9080275354416e-14  0.80000000001584  0.1999999999841  
 0.0084375   300.00000005112  8.9080275354416e-14  0.80000000001584  0.1999999999841  
 0.00875   300.00000005112  8.9080275354416e-14  0.80000000001584  0.1999999999841  
 0.0090625   300.00000005112  8.9080275354416e-14  0.80000000001584  0.1999999999841  
 0.009375   300.00000005112  8.9080275354416e-14  0.80000000001584  0.1999999999841  
 0.0096875   300.00000005112  8.9080275354416e-14  0.80000000001584  0.1999999999841  
 0.01   300.00000005112  8.9080275354416e-14  0.80000000001584  0.1999999999841  
 0.0103125   300.00000005112  8.9080275354416e-14  0.80000000001584  0.1999999999841  
 0.010625   300.00000005112  8.9080275354416e-14  0.80000000001584  0.1999999999841  
 0.0109375   300.00000005112  8.9080275354416e-14  0.80000000001584  0.1999999999841  
 0.01125   300.00000005112  8.9080275354416e-14  0.80000000001584  0.1999999999841  
 0.0115625   300.00000005112  8.9080275354416e-14  0.80000000001584  0.1999999999841  
 0.011875   300.00000005112  8.9080275354416e-14  0.80000000001584  0.1999999999841  
 0.0121875   300.00000005112  8.9080275354416e-14  0.80000000001584  0.1999999999841  
 0.0125   300.00000005112  8.9080275354416e-14  0.80000000001584  0.1999999999841  
 0.0128125   300.00000005112  8.9080275354416e-14  0.80000000001584  0.1999999999841  
 0.013125   300.00000005112  8.9080275354416e-14  0.80000000001584  0.1999999999841  
 0.0134375   300.00000005112  8.9080275354416e-14  0.80000000001584  0.1999999999841  
 0.01375   300.00000005112  8.9080275354416e-14  0.80000000001584  0.1999999999841  
 0.0140625   300.00000005112  8.9080275354416e-14  0.80000000001584  0.1999999999841  
 0.014375   300.00000005112  8.9080275354416e-14  0.80000000001584  0.1999999999841  
 0.0146875   300.00000005112  8.9080275354416e-14  0.80000000001584  0.1999999999841  
 0.015   300.00000005112  8.9080275354416e-14  0.80000000001584  0.1999999999841  
 0.0153125   300.00000005112  8.9080275354416e-14  0.80000000001584  0.1999999999841  
 0.015625   300.00000005112  8.9080275354416e-14  0.80000000001584  0.1999999999841  
 0.0159375   300.00000005112  8.9080275354416e-14  0.80000000001584  0.1999999999841  
 0.01625   300.00000005112  8.9080275354416e-14  0.80000000001584  0.1999999999841  
 0.0165625   300.00000005112  8.9080275354416e-14  0.80000000001584  0.1999999999841  
 0.016875   300.00000005112  8.9080275354416e-14  0.80000000001584  0.1999999999841  
 0.0171875   300.00000005112  8.9080275354416e-14  0.80000000001584  0.1999999999841  
 0.0175   300.00000005112  8.9080275354416e-14  0.80000000001584  0.1999999999841  
 0.0178125   300.00000005112  8.9080275354416e-14  0.80000000001584  0.1999999999841  
 0.018125   300.00000005112  8.9080275354416e-14  0.80000000001584  0.1999999999841  
 0.0184375   300.00000005112  8.9080275354416e-14  0.80000000001584  0.1999999999841  
 0.01875   300.00000005112  8.9080275354416e-14  0.80000000001584  0.1999999999841  
 0.0190625   300.00000005112  8.9080275354416e-14  0.80000000001584  0.1999999999841  
 0.019375   300.00000005112  8.9080275354416e-14  0.80000000001584  0.1999999999841  
 0.0196875   300.00000005112  8.9080275354416e-14  0.80000000001584  0.1999999999841  
 0.02   300  0  0.8  0.2  
