# TIME: 0.00208
#  x     Variables:...

 0   1000  0  0.8  0.2  
 0.0003125   1166.3925033354  0.0070691299294884  0.99218287890977  0.00074876757671922  
 0.000625   1114.7734936431  0.0029559116021337  0.99694399475528  0.00010014602947915  
 0.0009375   1028.6790510038  0.001231888555296  0.99865432617333  0.00011381283120468  
 0.00125   948.06984257742  0.0011321589072685  0.99861472615496  0.00025309463299327  
 0.0015625   626.59840673383  1.6088300126541e-05  0.87295756800706  0.12702632327248  
 0.001875   406.81019020054  9.0969712549223e-08  0.81820811199139  0.18179179703429  
 0.0021875   329.59391101001  3.7123599804382e-10  0.80397378953263  0.19602621009612  
 0.0025   307.4413273965  1.3850886245426e-12  0.80078439810332  0.1992156018953  
 0.0028125   301.73006988023  1.164899561614e-13  0.80014079430948  0.19985920569041  
 0.003125   300.3749851291  9.3859063951118e-14  0.80002308308427  0.19997691691565  
 0.0034375   300.07619438873  9.0030274238314e-14  0.80000347821646  0.19999652178347  
 0.00375   300.01457072545  8.9261243094805e-14  0.80000048477106  0.19999951522887  
 0.0040625   300.00262945979  8.9112914933032e-14  0.80000006286913  0.1999999371308  
 0.004375   300.00044874654  8.9085845332557e-14  0.80000000764583  0.19999999235411  
 0.0046875   300.00007260568  8.9081176097063e-14  0.80000000089774  0.1999999991022  
 0.005   300.00001121715  8.9080413978362e-14  0.80000000012439  0.19999999987555  
 0.0053125   300.00000172158  8.9080296087367e-14  0.80000000004094  0.19999999995901  
 0.005625   300.0000003273  8.9080278776621e-14  0.80000000003243  0.19999999996752  
 0.0059375   300.00000013264  8.9080276359846e-14  0.80000000003161  0.19999999996835  
 0.00625   300.00000010675  8.9080276038503e-14  0.80000000003154  0.19999999996842  
 0.0065625   300.00000010347  8.9080275997738e-14  0.80000000003154  0.19999999996842  
 0.006875   300.00000010307  8.9080275992797e-14  0.80000000003154  0.19999999996842  
 0.0071875   300.00000010303  8.9080275992224e-14  0.80000000003154  0.19999999996842  
 0.0075   300.00000010302  8.9080275992168e-14  0.80000000003154  0.19999999996842  
 0.0078125   300.00000010302  8.9080275992168e-14  0.80000000003154  0.19999999996842  
 0.008125   300.00000010302  8.9080275992168e-14  0.80000000003154  0.19999999996842  
 0.0084375   300.00000010302  8.9080275992168e-14  0.80000000003154  0.19999999996842  
 0.00875   300.00000010302  8.9080275992168e-14  0.80000000003154  0.19999999996842  
 0.0090625   300.00000010302  8.9080275992168e-14  0.80000000003154  0.19999999996842  
 0.009375   300.00000010302  8.9080275992168e-14  0.80000000003154  0.19999999996842  
 0.0096875   300.00000010302  8.9080275992168e-14  0.80000000003154  0.19999999996842  
 0.01   300.00000010302  8.9080275992168e-14  0.80000000003154  0.19999999996842  
 0.0103125   300.00000010302  8.9080275992168e-14  0.80000000003154  0.19999999996842  
 0.010625   300.00000010302  8.9080275992168e-14  0.80000000003154  0.19999999996842  
 0.0109375   300.00000010302  8.9080275992168e-14  0.80000000003154  0.19999999996842  
 0.01125   300.00000010302  8.9080275992168e-14  0.80000000003154  0.19999999996842  
 0.0115625   300.00000010302  8.9080275992168e-14  0.80000000003154  0.19999999996842  
 0.011875   300.00000010302  8.9080275992168e-14  0.80000000003154  0.19999999996842  
 0.0121875   300.00000010302  8.9080275992168e-14  0.80000000003154  0.19999999996842  
 0.0125   300.00000010302  8.9080275992168e-14  0.80000000003154  0.19999999996842  
 0.0128125   300.00000010302  8.9080275992168e-14  0.80000000003154  0.19999999996842  
 0.013125   300.00000010302  8.9080275992168e-14  0.80000000003154  0.19999999996842  
 0.0134375   300.00000010302  8.9080275992168e-14  0.80000000003154  0.19999999996842  
 0.01375   300.00000010302  8.9080275992168e-14  0.80000000003154  0.19999999996842  
 0.0140625   300.00000010302  8.9080275992168e-14  0.80000000003154  0.19999999996842  
 0.014375   300.00000010302  8.9080275992168e-14  0.80000000003154  0.19999999996842  
 0.0146875   300.00000010302  8.9080275992168e-14  0.80000000003154  0.19999999996842  
 0.015   300.00000010302  8.9080275992168e-14  0.80000000003154  0.19999999996842  
 0.0153125   300.00000010302  8.9080275992168e-14  0.80000000003154  0.19999999996842  
 0.015625   300.00000010302  8.9080275992168e-14  0.80000000003154  0.19999999996842  
 0.0159375   300.00000010302  8.9080275992168e-14  0.80000000003154  0.19999999996842  
 0.01625   300.00000010302  8.9080275992168e-14  0.80000000003154  0.19999999996842  
 0.0165625   300.00000010302  8.9080275992168e-14  0.80000000003154  0.19999999996842  
 0.016875   300.00000010302  8.9080275992168e-14  0.80000000003154  0.19999999996842  
 0.0171875   300.00000010302  8.9080275992168e-14  0.80000000003154  0.19999999996842  
 0.0175   300.00000010302  8.9080275992168e-14  0.80000000003154  0.19999999996842  
 0.0178125   300.00000010302  8.9080275992168e-14  0.80000000003154  0.19999999996842  
 0.018125   300.00000010302  8.9080275992168e-14  0.80000000003154  0.19999999996842  
 0.0184375   300.00000010302  8.9080275992168e-14  0.80000000003154  0.19999999996842  
 0.01875   300.00000010302  8.9080275992168e-14  0.80000000003154  0.19999999996842  
 0.0190625   300.00000010302  8.9080275992168e-14  0.80000000003154  0.19999999996842  
 0.019375   300.00000010302  8.9080275992168e-14  0.80000000003154  0.19999999996842  
 0.0196875   300.00000010302  8.9080275992168e-14  0.80000000003154  0.19999999996842  
 0.02   300  0  0.8  0.2  
