# TIME: 0.00132
#  x     Variables:...

 0   1000  0  0.8  0.2  
 0.0003125   1137.2299116412  0.0060076297976313  0.9930814456343  0.00091133452513942  
 0.000625   1029.0276319005  0.0024290238950737  0.99738095286326  0.00019006392388948  
 0.0009375   759.10980245528  0.00017042959784363  0.89921780232947  0.10061171488222  
 0.00125   438.57328625361  8.4417473096483e-07  0.81996103892994  0.18003811686156  
 0.0015625   333.57354280036  3.4236497892943e-09  0.80331514652414  0.19668485005213  
 0.001875   307.12560518602  1.0466993827494e-11  0.80045914496556  0.19954085502398  
 0.0021875   301.38198973934  1.3617226507087e-13  0.80005499755369  0.19994500244618  
 0.0025   300.24779503957  9.2286282755416e-14  0.80000585527151  0.19999414472841  
 0.0028125   300.04110894357  8.9592318454339e-14  0.8000005637968  0.19999943620312  
 0.003125   300.00630738603  8.9158621152983e-14  0.80000004966777  0.19999995033215  
 0.0034375   300.00089591103  8.9091398683392e-14  0.80000000405143  0.19999999594849  
 0.00375   300.00011812767  8.9081741247654e-14  0.80000000032395  0.19999999967597  
 0.0040625   300.00001454779  8.9080455304859e-14  0.80000000004146  0.19999999995848  
 0.004375   300.00000172454  8.9080296122746e-14  0.80000000002147  0.19999999997846  
 0.0046875   300.00000024333  8.9080277738034e-14  0.80000000002015  0.19999999997979  
 0.005   300.0000000831  8.9080275749552e-14  0.80000000002007  0.19999999997987  
 0.0053125   300.00000006681  8.9080275547412e-14  0.80000000002007  0.19999999997988  
 0.005625   300.00000006525  8.9080275528029e-14  0.80000000002007  0.19999999997988  
 0.0059375   300.0000000651  8.9080275526271e-14  0.80000000002007  0.19999999997988  
 0.00625   300.00000006509  8.9080275526119e-14  0.80000000002007  0.19999999997988  
 0.0065625   300.00000006509  8.9080275526118e-14  0.80000000002007  0.19999999997988  
 0.006875   300.00000006509  8.9080275526118e-14  0.80000000002007  0.19999999997988  
 0.0071875   300.00000006509  8.9080275526118e-14  0.80000000002007  0.19999999997988  
 0.0075   300.00000006509  8.9080275526118e-14  0.80000000002007  0.19999999997988  
 0.0078125   300.00000006509  8.9080275526118e-14  0.80000000002007  0.19999999997988  
 0.008125   300.00000006509  8.9080275526118e-14  0.80000000002007  0.19999999997988  
 0.0084375   300.00000006509  8.9080275526118e-14  0.80000000002007  0.19999999997988  
 0.00875   300.00000006509  8.9080275526118e-14  0.80000000002007  0.19999999997988  
 0.0090625   300.00000006509  8.9080275526118e-14  0.80000000002007  0.19999999997988  
 0.009375   300.00000006509  8.9080275526118e-14  0.80000000002007  0.19999999997988  
 0.0096875   300.00000006509  8.9080275526118e-14  0.80000000002007  0.19999999997988  
 0.01   300.00000006509  8.9080275526118e-14  0.80000000002007  0.19999999997988  
 0.0103125   300.00000006509  8.9080275526118e-14  0.80000000002007  0.19999999997988  
 0.010625   300.00000006509  8.9080275526118e-14  0.80000000002007  0.19999999997988  
 0.0109375   300.00000006509  8.9080275526118e-14  0.80000000002007  0.19999999997988  
 0.01125   300.00000006509  8.9080275526118e-14  0.80000000002007  0.19999999997988  
 0.0115625   300.00000006509  8.9080275526118e-14  0.80000000002007  0.19999999997988  
 0.011875   300.00000006509  8.9080275526118e-14  0.80000000002007  0.19999999997988  
 0.0121875   300.00000006509  8.9080275526118e-14  0.80000000002007  0.19999999997988  
 0.0125   300.00000006509  8.9080275526118e-14  0.80000000002007  0.19999999997988  
 0.0128125   300.00000006509  8.9080275526118e-14  0.80000000002007  0.19999999997988  
 0.013125   300.00000006509  8.9080275526118e-14  0.80000000002007  0.19999999997988  
 0.0134375   300.00000006509  8.9080275526118e-14  0.80000000002007  0.19999999997988  
 0.01375   300.00000006509  8.9080275526118e-14  0.80000000002007  0.19999999997988  
 0.0140625   300.00000006509  8.9080275526118e-14  0.80000000002007  0.19999999997988  
 0.014375   300.00000006509  8.9080275526118e-14  0.80000000002007  0.19999999997988  
 0.0146875   300.00000006509  8.9080275526118e-14  0.80000000002007  0.19999999997988  
 0.015   300.00000006509  8.9080275526118e-14  0.80000000002007  0.19999999997988  
 0.0153125   300.00000006509  8.9080275526118e-14  0.80000000002007  0.19999999997988  
 0.015625   300.00000006509  8.9080275526118e-14  0.80000000002007  0.19999999997988  
 0.0159375   300.00000006509  8.9080275526118e-14  0.80000000002007  0.19999999997988  
 0.01625   300.00000006509  8.9080275526118e-14  0.80000000002007  0.19999999997988  
 0.0165625   300.00000006509  8.9080275526118e-14  0.80000000002007  0.19999999997988  
 0.016875   300.00000006509  8.9080275526118e-14  0.80000000002007  0.19999999997988  
 0.0171875   300.00000006509  8.9080275526118e-14  0.80000000002007  0.19999999997988  
 0.0175   300.00000006509  8.9080275526118e-14  0.80000000002007  0.19999999997988  
 0.0178125   300.00000006509  8.9080275526118e-14  0.80000000002007  0.19999999997988  
 0.018125   300.00000006509  8.9080275526118e-14  0.80000000002007  0.19999999997988  
 0.0184375   300.00000006509  8.9080275526118e-14  0.80000000002007  0.19999999997988  
 0.01875   300.00000006509  8.9080275526118e-14  0.80000000002007  0.19999999997988  
 0.0190625   300.00000006509  8.9080275526118e-14  0.80000000002007  0.19999999997988  
 0.019375   300.00000006509  8.9080275526118e-14  0.80000000002007  0.19999999997988  
 0.0196875   300.00000006509  8.9080275526118e-14  0.80000000002007  0.19999999997988  
 0.02   300  0  0.8  0.2  
