# TIME: 0.00102
#  x     Variables:...

 0   1000  0  0.8  0.2  
 0.0003125   1115.6231803555  0.0052840413730272  0.99365111400637  0.0010651203389417  
 0.000625   1037.8139349645  0.0033150800714839  0.9964580259913  0.00022685395788259  
 0.0009375   508.5161875814  1.4089226079122e-05  0.82947934517352  0.17050655838576  
 0.00125   344.08722005777  6.7890476411295e-08  0.80330552804753  0.1966944040602  
 0.0015625   308.73340963011  2.2070079335857e-10  0.80033709806322  0.19966290171607  
 0.001875   301.58757342144  7.5343176375875e-13  0.80003055316099  0.19996944683826  
 0.0021875   300.26148017548  9.4220472896101e-14  0.80000243974975  0.19999756025016  
 0.0025   300.03893140978  8.9570249239088e-14  0.80000017356423  0.19999982643569  
 0.0028125   300.00525282194  8.9145531356976e-14  0.80000001120606  0.19999998879386  
 0.003125   300.0006454282  8.9088287243656e-14  0.8000000006813  0.19999999931862  
 0.0034375   300.00007267847  8.9081176763423e-14  0.80000000005266  0.19999999994726  
 0.00375   300.00000758097  8.9080368791979e-14  0.8000000000175  0.19999999998243  
 0.0040625   300.00000077367  8.9080284318818e-14  0.80000000001563  0.1999999999843  
 0.004375   300.00000011486  8.9080276145243e-14  0.80000000001554  0.19999999998439  
 0.0046875   300.00000005554  8.9080275409372e-14  0.80000000001554  0.1999999999844  
 0.005   300.00000005055  8.9080275347432e-14  0.80000000001554  0.1999999999844  
 0.0053125   300.00000005015  8.9080275342535e-14  0.80000000001554  0.1999999999844  
 0.005625   300.00000005012  8.9080275342164e-14  0.80000000001554  0.1999999999844  
 0.0059375   300.00000005012  8.9080275342152e-14  0.80000000001554  0.1999999999844  
 0.00625   300.00000005012  8.9080275342152e-14  0.80000000001554  0.1999999999844  
 0.0065625   300.00000005012  8.9080275342152e-14  0.80000000001554  0.1999999999844  
 0.006875   300.00000005012  8.9080275342152e-14  0.80000000001554  0.1999999999844  
 0.0071875   300.00000005012  8.9080275342152e-14  0.80000000001554  0.1999999999844  
 0.0075   300.00000005012  8.9080275342152e-14  0.80000000001554  0.1999999999844  
 0.0078125   300.00000005012  8.9080275342152e-14  0.80000000001554  0.1999999999844  
 0.008125   300.00000005012  8.9080275342152e-14  0.80000000001554  0.1999999999844  
 0.0084375   300.00000005012  8.9080275342152e-14  0.80000000001554  0.1999999999844  
 0.00875   300.00000005012  8.9080275342152e-14  0.80000000001554  0.1999999999844  
 0.0090625   300.00000005012  8.9080275342152e-14  0.80000000001554  0.1999999999844  
 0.009375   300.00000005012  8.9080275342152e-14  0.80000000001554  0.1999999999844  
 0.0096875   300.00000005012  8.9080275342152e-14  0.80000000001554  0.1999999999844  
 0.01   300.00000005012  8.9080275342152e-14  0.80000000001554  0.1999999999844  
 0.0103125   300.00000005012  8.9080275342152e-14  0.80000000001554  0.1999999999844  
 0.010625   300.00000005012  8.9080275342152e-14  0.80000000001554  0.1999999999844  
 0.0109375   300.00000005012  8.9080275342152e-14  0.80000000001554  0.1999999999844  
 0.01125   300.00000005012  8.9080275342152e-14  0.80000000001554  0.1999999999844  
 0.0115625   300.00000005012  8.9080275342152e-14  0.80000000001554  0.1999999999844  
 0.011875   300.00000005012  8.9080275342152e-14  0.80000000001554  0.1999999999844  
 0.0121875   300.00000005012  8.9080275342152e-14  0.80000000001554  0.1999999999844  
 0.0125   300.00000005012  8.9080275342152e-14  0.80000000001554  0.1999999999844  
 0.0128125   300.00000005012  8.9080275342152e-14  0.80000000001554  0.1999999999844  
 0.013125   300.00000005012  8.9080275342152e-14  0.80000000001554  0.1999999999844  
 0.0134375   300.00000005012  8.9080275342152e-14  0.80000000001554  0.1999999999844  
 0.01375   300.00000005012  8.9080275342152e-14  0.80000000001554  0.1999999999844  
 0.0140625   300.00000005012  8.9080275342152e-14  0.80000000001554  0.1999999999844  
 0.014375   300.00000005012  8.9080275342152e-14  0.80000000001554  0.1999999999844  
 0.0146875   300.00000005012  8.9080275342152e-14  0.80000000001554  0.1999999999844  
 0.015   300.00000005012  8.9080275342152e-14  0.80000000001554  0.1999999999844  
 0.0153125   300.00000005012  8.9080275342152e-14  0.80000000001554  0.1999999999844  
 0.015625   300.00000005012  8.9080275342152e-14  0.80000000001554  0.1999999999844  
 0.0159375   300.00000005012  8.9080275342152e-14  0.80000000001554  0.1999999999844  
 0.01625   300.00000005012  8.9080275342152e-14  0.80000000001554  0.1999999999844  
 0.0165625   300.00000005012  8.9080275342152e-14  0.80000000001554  0.1999999999844  
 0.016875   300.00000005012  8.9080275342152e-14  0.80000000001554  0.1999999999844  
 0.0171875   300.00000005012  8.9080275342152e-14  0.80000000001554  0.1999999999844  
 0.0175   300.00000005012  8.9080275342152e-14  0.80000000001554  0.1999999999844  
 0.0178125   300.00000005012  8.9080275342152e-14  0.80000000001554  0.1999999999844  
 0.018125   300.00000005012  8.9080275342152e-14  0.80000000001554  0.1999999999844  
 0.0184375   300.00000005012  8.9080275342152e-14  0.80000000001554  0.1999999999844  
 0.01875   300.00000005012  8.9080275342152e-14  0.80000000001554  0.1999999999844  
 0.0190625   300.00000005012  8.9080275342152e-14  0.80000000001554  0.1999999999844  
 0.019375   300.00000005012  8.9080275342152e-14  0.80000000001554  0.1999999999844  
 0.0196875   300.00000005012  8.9080275342152e-14  0.80000000001554  0.1999999999844  
 0.02   300  0  0.8  0.2  
