# TIME: 0.0028800000000001
#  x     Variables:...

 0   1000  0  0.8  0.2  
 0.0003125   1182.9280642082  0.0077119669847726  0.99161571902316  0.00067349926979853  
 0.000625   1158.8320239403  0.0036433783375747  0.99627638190103  8.0293013952358e-05  
 0.0009375   1100.2913127074  0.0017038694249791  0.99822447665171  7.1681553070733e-05  
 0.00125   1023.9444190966  0.00078059686853566  0.9991369676687  8.2454383981808e-05  
 0.0015625   936.14472688261  0.00050856764538738  0.9993191418145  0.00017230344645905  
 0.001875   870.41762050557  0.00071108257113164  0.97026344670834  0.029025429056544  
 0.0021875   523.86935188602  3.4803094359242e-06  0.84856923564876  0.15142728378766  
 0.0025   377.59834682943  1.8597774888384e-08  0.81367034742999  0.18632963397178  
 0.0028125   324.116753321  7.1227616656003e-11  0.80355059357059  0.19644940635819  
 0.003125   306.87672891081  4.3772953548151e-13  0.80084732600401  0.19915267399557  
 0.0034375   301.82685073796  1.1531164970406e-13  0.80018697103541  0.19981302896449  
 0.00375   300.45573779222  9.4904608802166e-14  0.80003834613228  0.19996165386764  
 0.0040625   300.10727244386  9.0419484833639e-14  0.80000733986062  0.19999266013931  
 0.004375   300.02390994796  8.937722249542e-14  0.8000013161493  0.19999868385064  
 0.0046875   300.00506150232  8.9143078821957e-14  0.80000022189625  0.19999977810368  
 0.005   300.00102025057  8.9092934512614e-14  0.80000003531578  0.19999996468416  
 0.0053125   300.00019631156  8.9082711078938e-14  0.8000000053489  0.19999999465105  
 0.005625   300.00003620075  8.9080724060059e-14  0.80000000080061  0.19999999919935  
 0.0059375   300.00000648796  8.9080355251656e-14  0.80000000014632  0.19999999985364  
 0.00625   300.00000121331  8.9080289771617e-14  0.80000000005688  0.19999999994308  
 0.0065625   300.00000031626  8.9080278634618e-14  0.80000000004524  0.19999999995473  
 0.006875   300.00000016992  8.9080276817599e-14  0.8000000000438  0.19999999995618  
 0.0071875   300.00000014699  8.9080276532868e-14  0.80000000004363  0.19999999995635  
 0.0075   300.00000014353  8.9080276489959e-14  0.80000000004362  0.19999999995637  
 0.0078125   300.00000014303  8.9080276483732e-14  0.80000000004362  0.19999999995637  
 0.008125   300.00000014296  8.9080276482856e-14  0.80000000004362  0.19999999995637  
 0.0084375   300.00000014295  8.9080276482747e-14  0.80000000004362  0.19999999995637  
 0.00875   300.00000014295  8.9080276482746e-14  0.80000000004362  0.19999999995637  
 0.0090625   300.00000014295  8.9080276482746e-14  0.80000000004362  0.19999999995637  
 0.009375   300.00000014295  8.9080276482746e-14  0.80000000004362  0.19999999995637  
 0.0096875   300.00000014295  8.9080276482746e-14  0.80000000004362  0.19999999995637  
 0.01   300.00000014295  8.9080276482746e-14  0.80000000004362  0.19999999995637  
 0.0103125   300.00000014295  8.9080276482746e-14  0.80000000004362  0.19999999995637  
 0.010625   300.00000014295  8.9080276482746e-14  0.80000000004362  0.19999999995637  
 0.0109375   300.00000014295  8.9080276482746e-14  0.80000000004362  0.19999999995637  
 0.01125   300.00000014295  8.9080276482746e-14  0.80000000004362  0.19999999995637  
 0.0115625   300.00000014295  8.9080276482746e-14  0.80000000004362  0.19999999995637  
 0.011875   300.00000014295  8.9080276482746e-14  0.80000000004362  0.19999999995637  
 0.0121875   300.00000014295  8.9080276482746e-14  0.80000000004362  0.19999999995637  
 0.0125   300.00000014295  8.9080276482746e-14  0.80000000004362  0.19999999995637  
 0.0128125   300.00000014295  8.9080276482746e-14  0.80000000004362  0.19999999995637  
 0.013125   300.00000014295  8.9080276482746e-14  0.80000000004362  0.19999999995637  
 0.0134375   300.00000014295  8.9080276482746e-14  0.80000000004362  0.19999999995637  
 0.01375   300.00000014295  8.9080276482746e-14  0.80000000004362  0.19999999995637  
 0.0140625   300.00000014295  8.9080276482746e-14  0.80000000004362  0.19999999995637  
 0.014375   300.00000014295  8.9080276482746e-14  0.80000000004362  0.19999999995637  
 0.0146875   300.00000014295  8.9080276482746e-14  0.80000000004362  0.19999999995637  
 0.015   300.00000014295  8.9080276482746e-14  0.80000000004362  0.19999999995637  
 0.0153125   300.00000014295  8.9080276482746e-14  0.80000000004362  0.19999999995637  
 0.015625   300.00000014295  8.9080276482746e-14  0.80000000004362  0.19999999995637  
 0.0159375   300.00000014295  8.9080276482746e-14  0.80000000004362  0.19999999995637  
 0.01625   300.00000014295  8.9080276482746e-14  0.80000000004362  0.19999999995637  
 0.0165625   300.00000014295  8.9080276482746e-14  0.80000000004362  0.19999999995637  
 0.016875   300.00000014295  8.9080276482746e-14  0.80000000004362  0.19999999995637  
 0.0171875   300.00000014295  8.9080276482746e-14  0.80000000004362  0.19999999995637  
 0.0175   300.00000014295  8.9080276482746e-14  0.80000000004362  0.19999999995637  
 0.0178125   300.00000014295  8.9080276482746e-14  0.80000000004362  0.19999999995637  
 0.018125   300.00000014295  8.9080276482746e-14  0.80000000004362  0.19999999995637  
 0.0184375   300.00000014295  8.9080276482746e-14  0.80000000004362  0.19999999995637  
 0.01875   300.00000014295  8.9080276482746e-14  0.80000000004362  0.19999999995637  
 0.0190625   300.00000014295  8.9080276482746e-14  0.80000000004362  0.19999999995637  
 0.019375   300.00000014295  8.9080276482746e-14  0.80000000004362  0.19999999995637  
 0.0196875   300.00000014295  8.9080276482746e-14  0.80000000004362  0.19999999995637  
 0.02   300  0  0.8  0.2  
