# TIME: 0.00282
#  x     Variables:...

 0   1000  0  0.8  0.2  
 0.0003125   1181.9917133894  0.0076750336830988  0.99164864772845  0.00067747267204516  
 0.000625   1156.2988330105  0.003600739841058  0.99631804116395  8.1272183287106e-05  
 0.0009375   1095.9743688539  0.0016655151300691  0.99826119532217  7.3317172480365e-05  
 0.00125   1018.575921594  0.00076208046237685  0.99915206868089  8.586977223356e-05  
 0.0015625   929.69781878316  0.00054369472980577  0.99926205017008  0.00019426443314556  
 0.001875   790.01307570346  0.00025808202705245  0.93661973712448  0.063122142024883  
 0.0021875   496.50814945398  1.3414810794218e-06  0.84117695256267  0.15882170587767  
 0.0025   367.22571239306  6.9888311035176e-09  0.81150666021042  0.18849333280057  
 0.0028125   320.46341259763  2.6314166218116e-11  0.80292267892403  0.19707732104966  
 0.003125   305.7229321552  2.7034046044347e-13  0.80068133216293  0.19931866783681  
 0.0034375   301.49284212972  1.0976727585051e-13  0.80014688153373  0.19985311846617  
 0.00375   300.36582268873  9.3726902253397e-14  0.80002942397573  0.19997057602419  
 0.0040625   300.08459477505  9.0134871531359e-14  0.80000549928314  0.1999945007168  
 0.004375   300.01852511077  8.9310285053828e-14  0.80000096259296  0.19999903740698  
 0.0046875   300.00385300166  8.9128083678328e-14  0.80000015839576  0.19999984160417  
 0.005   300.00076306479  8.9089743718295e-14  0.80000002461037  0.19999997538957  
 0.0053125   300.00014426647  8.9082065254589e-14  0.80000000364823  0.19999999635172  
 0.005625   300.00002616123  8.9080599455262e-14  0.80000000054464  0.19999999945532  
 0.0059375   300.00000463667  8.9080332271149e-14  0.80000000010914  0.19999999989082  
 0.00625   300.00000088474  8.9080285692929e-14  0.80000000005107  0.19999999994889  
 0.0065625   300.00000025834  8.9080277915784e-14  0.8000000000437  0.19999999995627  
 0.006875   300.00000015803  8.9080276670417e-14  0.80000000004282  0.19999999995716  
 0.0071875   300.00000014261  8.9080276478914e-14  0.80000000004272  0.19999999995726  
 0.0075   300.00000014033  8.90802764506e-14  0.80000000004272  0.19999999995727  
 0.0078125   300.00000014  8.9080276446571e-14  0.80000000004272  0.19999999995727  
 0.008125   300.00000013996  8.9080276446019e-14  0.80000000004272  0.19999999995727  
 0.0084375   300.00000013995  8.9080276445953e-14  0.80000000004272  0.19999999995727  
 0.00875   300.00000013995  8.9080276445953e-14  0.80000000004272  0.19999999995727  
 0.0090625   300.00000013995  8.9080276445953e-14  0.80000000004272  0.19999999995727  
 0.009375   300.00000013995  8.9080276445953e-14  0.80000000004272  0.19999999995727  
 0.0096875   300.00000013995  8.9080276445953e-14  0.80000000004272  0.19999999995727  
 0.01   300.00000013995  8.9080276445953e-14  0.80000000004272  0.19999999995727  
 0.0103125   300.00000013995  8.9080276445953e-14  0.80000000004272  0.19999999995727  
 0.010625   300.00000013995  8.9080276445953e-14  0.80000000004272  0.19999999995727  
 0.0109375   300.00000013995  8.9080276445953e-14  0.80000000004272  0.19999999995727  
 0.01125   300.00000013995  8.9080276445953e-14  0.80000000004272  0.19999999995727  
 0.0115625   300.00000013995  8.9080276445953e-14  0.80000000004272  0.19999999995727  
 0.011875   300.00000013995  8.9080276445953e-14  0.80000000004272  0.19999999995727  
 0.0121875   300.00000013995  8.9080276445953e-14  0.80000000004272  0.19999999995727  
 0.0125   300.00000013995  8.9080276445953e-14  0.80000000004272  0.19999999995727  
 0.0128125   300.00000013995  8.9080276445953e-14  0.80000000004272  0.19999999995727  
 0.013125   300.00000013995  8.9080276445953e-14  0.80000000004272  0.19999999995727  
 0.0134375   300.00000013995  8.9080276445953e-14  0.80000000004272  0.19999999995727  
 0.01375   300.00000013995  8.9080276445953e-14  0.80000000004272  0.19999999995727  
 0.0140625   300.00000013995  8.9080276445953e-14  0.80000000004272  0.19999999995727  
 0.014375   300.00000013995  8.9080276445953e-14  0.80000000004272  0.19999999995727  
 0.0146875   300.00000013995  8.9080276445953e-14  0.80000000004272  0.19999999995727  
 0.015   300.00000013995  8.9080276445953e-14  0.80000000004272  0.19999999995727  
 0.0153125   300.00000013995  8.9080276445953e-14  0.80000000004272  0.19999999995727  
 0.015625   300.00000013995  8.9080276445953e-14  0.80000000004272  0.19999999995727  
 0.0159375   300.00000013995  8.9080276445953e-14  0.80000000004272  0.19999999995727  
 0.01625   300.00000013995  8.9080276445953e-14  0.80000000004272  0.19999999995727  
 0.0165625   300.00000013995  8.9080276445953e-14  0.80000000004272  0.19999999995727  
 0.016875   300.00000013995  8.9080276445953e-14  0.80000000004272  0.19999999995727  
 0.0171875   300.00000013995  8.9080276445953e-14  0.80000000004272  0.19999999995727  
 0.0175   300.00000013995  8.9080276445953e-14  0.80000000004272  0.19999999995727  
 0.0178125   300.00000013995  8.9080276445953e-14  0.80000000004272  0.19999999995727  
 0.018125   300.00000013995  8.9080276445953e-14  0.80000000004272  0.19999999995727  
 0.0184375   300.00000013995  8.9080276445953e-14  0.80000000004272  0.19999999995727  
 0.01875   300.00000013995  8.9080276445953e-14  0.80000000004272  0.19999999995727  
 0.0190625   300.00000013995  8.9080276445953e-14  0.80000000004272  0.19999999995727  
 0.019375   300.00000013995  8.9080276445953e-14  0.80000000004272  0.19999999995727  
 0.0196875   300.00000013995  8.9080276445953e-14  0.80000000004272  0.19999999995727  
 0.02   300  0  0.8  0.2  
