# TIME: 0.00258
#  x     Variables:...

 0   1000  0  0.8  0.2  
 0.0003125   1177.8399219038  0.0075117098948637  0.99179381967276  0.00069550049039399  
 0.000625   1145.1540478756  0.0034160993401468  0.99649819188753  8.5761702775905e-05  
 0.0009375   1076.8031813256  0.0015106265570036  0.99840781564366  8.1585401845616e-05  
 0.00125   993.68475855118  0.00071065518497314  0.99918048452104  0.00010887923801435  
 0.0015625   926.70622079571  0.00089897945822385  0.99881770140355  0.00028329808697145  
 0.001875   631.41415339609  1.68464835277e-05  0.87823623722054  0.12174689938896  
 0.0021875   417.95684442309  9.6875645120881e-08  0.82181061866471  0.17818928445484  
 0.0025   336.10695253367  4.2430486491129e-10  0.80545802275391  0.19454197682178  
 0.0028125   310.08023744297  1.6961898261962e-12  0.8012543368297  0.19874566316861  
 0.003125   302.60951933941  1.3170977955832e-13  0.80026525075258  0.19973474924731  
 0.0034375   300.63143168651  9.7257889496138e-14  0.80005176984743  0.19994823015249  
 0.00375   300.14362551006  9.08780105161e-14  0.80000936896525  0.19999063103467  
 0.0040625   300.03084174548  8.9463536980083e-14  0.800001579661  0.19999842033894  
 0.004375   300.0062731672  8.9158128743392e-14  0.80000024923615  0.19999975076378  
 0.0046875   300.00121180744  8.9095313243548e-14  0.80000003696642  0.19999996303352  
 0.005   300.00022286307  8.9083040859702e-14  0.80000000519728  0.19999999480267  
 0.0053125   300.00003916295  8.9080760864895e-14  0.80000000072044  0.19999999927951  
 0.005625   300.0000066601  8.908035739432e-14  0.80000000012443  0.19999999987553  
 0.0059375   300.00000117317  8.9080289275473e-14  0.80000000004923  0.19999999995073  
 0.00625   300.00000028809  8.9080278286801e-14  0.80000000004022  0.19999999995974  
 0.0065625   300.00000015149  8.908027659073e-14  0.8000000000392  0.19999999996077  
 0.006875   300.00000013129  8.9080276339923e-14  0.8000000000391  0.19999999996088  
 0.0071875   300.00000012842  8.9080276304339e-14  0.80000000003909  0.19999999996089  
 0.0075   300.00000012803  8.9080276299489e-14  0.80000000003909  0.19999999996089  
 0.0078125   300.00000012798  8.9080276298854e-14  0.80000000003909  0.19999999996089  
 0.008125   300.00000012798  8.908027629878e-14  0.80000000003909  0.19999999996089  
 0.0084375   300.00000012798  8.9080276298779e-14  0.80000000003909  0.19999999996089  
 0.00875   300.00000012798  8.9080276298779e-14  0.80000000003909  0.19999999996089  
 0.0090625   300.00000012798  8.9080276298779e-14  0.80000000003909  0.19999999996089  
 0.009375   300.00000012798  8.9080276298779e-14  0.80000000003909  0.19999999996089  
 0.0096875   300.00000012798  8.9080276298779e-14  0.80000000003909  0.19999999996089  
 0.01   300.00000012798  8.9080276298779e-14  0.80000000003909  0.19999999996089  
 0.0103125   300.00000012798  8.9080276298779e-14  0.80000000003909  0.19999999996089  
 0.010625   300.00000012798  8.9080276298779e-14  0.80000000003909  0.19999999996089  
 0.0109375   300.00000012798  8.9080276298779e-14  0.80000000003909  0.19999999996089  
 0.01125   300.00000012798  8.9080276298779e-14  0.80000000003909  0.19999999996089  
 0.0115625   300.00000012798  8.9080276298779e-14  0.80000000003909  0.19999999996089  
 0.011875   300.00000012798  8.9080276298779e-14  0.80000000003909  0.19999999996089  
 0.0121875   300.00000012798  8.9080276298779e-14  0.80000000003909  0.19999999996089  
 0.0125   300.00000012798  8.9080276298779e-14  0.80000000003909  0.19999999996089  
 0.0128125   300.00000012798  8.9080276298779e-14  0.80000000003909  0.19999999996089  
 0.013125   300.00000012798  8.9080276298779e-14  0.80000000003909  0.19999999996089  
 0.0134375   300.00000012798  8.9080276298779e-14  0.80000000003909  0.19999999996089  
 0.01375   300.00000012798  8.9080276298779e-14  0.80000000003909  0.19999999996089  
 0.0140625   300.00000012798  8.9080276298779e-14  0.80000000003909  0.19999999996089  
 0.014375   300.00000012798  8.9080276298779e-14  0.80000000003909  0.19999999996089  
 0.0146875   300.00000012798  8.9080276298779e-14  0.80000000003909  0.19999999996089  
 0.015   300.00000012798  8.9080276298779e-14  0.80000000003909  0.19999999996089  
 0.0153125   300.00000012798  8.9080276298779e-14  0.80000000003909  0.19999999996089  
 0.015625   300.00000012798  8.9080276298779e-14  0.80000000003909  0.19999999996089  
 0.0159375   300.00000012798  8.9080276298779e-14  0.80000000003909  0.19999999996089  
 0.01625   300.00000012798  8.9080276298779e-14  0.80000000003909  0.19999999996089  
 0.0165625   300.00000012798  8.9080276298779e-14  0.80000000003909  0.19999999996089  
 0.016875   300.00000012798  8.9080276298779e-14  0.80000000003909  0.19999999996089  
 0.0171875   300.00000012798  8.9080276298779e-14  0.80000000003909  0.19999999996089  
 0.0175   300.00000012798  8.9080276298779e-14  0.80000000003909  0.19999999996089  
 0.0178125   300.00000012798  8.9080276298779e-14  0.80000000003909  0.19999999996089  
 0.018125   300.00000012798  8.9080276298779e-14  0.80000000003909  0.19999999996089  
 0.0184375   300.00000012798  8.9080276298779e-14  0.80000000003909  0.19999999996089  
 0.01875   300.00000012798  8.9080276298779e-14  0.80000000003909  0.19999999996089  
 0.0190625   300.00000012798  8.9080276298779e-14  0.80000000003909  0.19999999996089  
 0.019375   300.00000012798  8.9080276298779e-14  0.80000000003909  0.19999999996089  
 0.0196875   300.00000012798  8.9080276298779e-14  0.80000000003909  0.19999999996089  
 0.02   300  0  0.8  0.2  
