# TIME: 0.0028
#  x     Variables:...

 0   1000  0  0.8  0.2  
 0.0003125   1181.6711615124  0.0076624000157313  0.99165990306387  0.00067884062177409  
 0.000625   1155.432580752  0.0035862231722261  0.99633221943282  8.1610561821673e-05  
 0.0009375   1094.4945926848  0.0016526577112808  0.99827347473  7.3895181725142e-05  
 0.00125   1016.7559696262  0.00075628429097902  0.99915661583767  8.7118785474623e-05  
 0.0015625   928.22594212892  0.00055880718836669  0.99923984059509  0.00020135982795196  
 0.001875   768.79066453786  0.00018935382292968  0.92820268667315  0.071607922067692  
 0.0021875   488.57344581722  1.0058188691343e-06  0.83908885368241  0.16091014044083  
 0.0025   364.04815449933  5.2027835017594e-09  0.81085756601405  0.18914242878302  
 0.0028125   319.35237618225  1.9567940366937e-11  0.80273535171462  0.19726464826583  
 0.003125   305.37716092448  2.4160151224551e-13  0.80063261423785  0.19936738576193  
 0.0034375   301.39409843208  1.0822787890887e-13  0.80013530929398  0.19986469070593  
 0.00375   300.33957832985  9.3385944407596e-14  0.80002689026734  0.19997310973258  
 0.0040625   300.07805797931  9.005298707731e-14  0.80000498515067  0.19999501484926  
 0.004375   300.01699211972  8.929123631023e-14  0.80000086547468  0.19999913452525  
 0.0046875   300.00351319051  8.9123867441543e-14  0.80000014124638  0.19999985875356  
 0.005   300.00069163614  8.9088857502661e-14  0.80000002176825  0.19999997823169  
 0.0053125   300.00012998954  8.9081888085554e-14  0.80000000320439  0.19999999679556  
 0.005625   300.00002344111  8.9080565693489e-14  0.80000000047892  0.19999999952103  
 0.0059375   300.00000414118  8.9080326120298e-14  0.8000000000997  0.19999999990026  
 0.00625   300.00000079774  8.9080284612912e-14  0.80000000004956  0.19999999995041  
 0.0065625   300.00000024301  8.9080277725648e-14  0.80000000004325  0.19999999995672  
 0.006875   300.00000015475  8.9080276629737e-14  0.8000000000425  0.19999999995748  
 0.0071875   300.00000014126  8.9080276462293e-14  0.80000000004242  0.19999999995757  
 0.0075   300.00000013928  8.9080276437693e-14  0.80000000004242  0.19999999995757  
 0.0078125   300.000000139  8.9080276434215e-14  0.80000000004242  0.19999999995757  
 0.008125   300.00000013896  8.908027643374e-14  0.80000000004242  0.19999999995757  
 0.0084375   300.00000013896  8.9080276433689e-14  0.80000000004242  0.19999999995757  
 0.00875   300.00000013896  8.9080276433689e-14  0.80000000004242  0.19999999995757  
 0.0090625   300.00000013896  8.9080276433689e-14  0.80000000004242  0.19999999995757  
 0.009375   300.00000013896  8.9080276433689e-14  0.80000000004242  0.19999999995757  
 0.0096875   300.00000013896  8.9080276433689e-14  0.80000000004242  0.19999999995757  
 0.01   300.00000013896  8.9080276433689e-14  0.80000000004242  0.19999999995757  
 0.0103125   300.00000013896  8.9080276433689e-14  0.80000000004242  0.19999999995757  
 0.010625   300.00000013896  8.9080276433689e-14  0.80000000004242  0.19999999995757  
 0.0109375   300.00000013896  8.9080276433689e-14  0.80000000004242  0.19999999995757  
 0.01125   300.00000013896  8.9080276433689e-14  0.80000000004242  0.19999999995757  
 0.0115625   300.00000013896  8.9080276433689e-14  0.80000000004242  0.19999999995757  
 0.011875   300.00000013896  8.9080276433689e-14  0.80000000004242  0.19999999995757  
 0.0121875   300.00000013896  8.9080276433689e-14  0.80000000004242  0.19999999995757  
 0.0125   300.00000013896  8.9080276433689e-14  0.80000000004242  0.19999999995757  
 0.0128125   300.00000013896  8.9080276433689e-14  0.80000000004242  0.19999999995757  
 0.013125   300.00000013896  8.9080276433689e-14  0.80000000004242  0.19999999995757  
 0.0134375   300.00000013896  8.9080276433689e-14  0.80000000004242  0.19999999995757  
 0.01375   300.00000013896  8.9080276433689e-14  0.80000000004242  0.19999999995757  
 0.0140625   300.00000013896  8.9080276433689e-14  0.80000000004242  0.19999999995757  
 0.014375   300.00000013896  8.9080276433689e-14  0.80000000004242  0.19999999995757  
 0.0146875   300.00000013896  8.9080276433689e-14  0.80000000004242  0.19999999995757  
 0.015   300.00000013896  8.9080276433689e-14  0.80000000004242  0.19999999995757  
 0.0153125   300.00000013896  8.9080276433689e-14  0.80000000004242  0.19999999995757  
 0.015625   300.00000013896  8.9080276433689e-14  0.80000000004242  0.19999999995757  
 0.0159375   300.00000013896  8.9080276433689e-14  0.80000000004242  0.19999999995757  
 0.01625   300.00000013896  8.9080276433689e-14  0.80000000004242  0.19999999995757  
 0.0165625   300.00000013896  8.9080276433689e-14  0.80000000004242  0.19999999995757  
 0.016875   300.00000013896  8.9080276433689e-14  0.80000000004242  0.19999999995757  
 0.0171875   300.00000013896  8.9080276433689e-14  0.80000000004242  0.19999999995757  
 0.0175   300.00000013896  8.9080276433689e-14  0.80000000004242  0.19999999995757  
 0.0178125   300.00000013896  8.9080276433689e-14  0.80000000004242  0.19999999995757  
 0.018125   300.00000013896  8.9080276433689e-14  0.80000000004242  0.19999999995757  
 0.0184375   300.00000013896  8.9080276433689e-14  0.80000000004242  0.19999999995757  
 0.01875   300.00000013896  8.9080276433689e-14  0.80000000004242  0.19999999995757  
 0.0190625   300.00000013896  8.9080276433689e-14  0.80000000004242  0.19999999995757  
 0.019375   300.00000013896  8.9080276433689e-14  0.80000000004242  0.19999999995757  
 0.0196875   300.00000013896  8.9080276433689e-14  0.80000000004242  0.19999999995757  
 0.02   300  0  0.8  0.2  
