# TIME: 0.00106
#  x     Variables:...

 0   1000  0  0.8  0.2  
 0.0003125   1120.5127274552  0.0053876770261127  0.99358269500862  0.0010299209504286  
 0.000625   1033.0228858133  0.0031073032340314  0.99668193165354  0.00021073817736511  
 0.0009375   541.97150485657  1.2676978938899e-05  0.83733485436909  0.16265245521805  
 0.00125   353.08679315204  6.4449756618246e-08  0.80463005021083  0.19536988533668  
 0.0015625   310.63080449372  2.1410153789603e-10  0.80049594813352  0.19950405165237  
 0.001875   301.96994074186  7.4092581060884e-13  0.80004737569714  0.19995262430213  
 0.0021875   300.3331307313  9.5090185007202e-14  0.80000402775936  0.19999597224055  
 0.0025   300.05114146069  8.972265536589e-14  0.8000003061962  0.19999969380372  
 0.0028125   300.00713386876  8.9168908957276e-14  0.8000000210756  0.19999997892433  
 0.003125   300.00090777772  8.9091544977804e-14  0.80000000134573  0.19999999865419  
 0.0034375   300.00010595746  8.9081589905932e-14  0.80000000009429  0.19999999990564  
 0.00375   300.00001144426  8.9080416743779e-14  0.80000000002046  0.19999999997946  
 0.0040625   300.00000118802  8.9080289460644e-14  0.80000000001636  0.19999999998357  
 0.004375   300.00000015762  8.9080276675543e-14  0.80000000001615  0.19999999998379  
 0.0046875   300.00000006129  8.9080275480422e-14  0.80000000001614  0.1999999999838  
 0.005   300.00000005286  8.9080275375963e-14  0.80000000001614  0.1999999999838  
 0.0053125   300.00000005217  8.9080275367387e-14  0.80000000001614  0.1999999999838  
 0.005625   300.00000005212  8.9080275366723e-14  0.80000000001614  0.1999999999838  
 0.0059375   300.00000005212  8.9080275366682e-14  0.80000000001614  0.1999999999838  
 0.00625   300.00000005212  8.9080275366681e-14  0.80000000001614  0.1999999999838  
 0.0065625   300.00000005212  8.9080275366681e-14  0.80000000001614  0.1999999999838  
 0.006875   300.00000005212  8.9080275366681e-14  0.80000000001614  0.1999999999838  
 0.0071875   300.00000005212  8.9080275366681e-14  0.80000000001614  0.1999999999838  
 0.0075   300.00000005212  8.9080275366681e-14  0.80000000001614  0.1999999999838  
 0.0078125   300.00000005212  8.9080275366681e-14  0.80000000001614  0.1999999999838  
 0.008125   300.00000005212  8.9080275366681e-14  0.80000000001614  0.1999999999838  
 0.0084375   300.00000005212  8.9080275366681e-14  0.80000000001614  0.1999999999838  
 0.00875   300.00000005212  8.9080275366681e-14  0.80000000001614  0.1999999999838  
 0.0090625   300.00000005212  8.9080275366681e-14  0.80000000001614  0.1999999999838  
 0.009375   300.00000005212  8.9080275366681e-14  0.80000000001614  0.1999999999838  
 0.0096875   300.00000005212  8.9080275366681e-14  0.80000000001614  0.1999999999838  
 0.01   300.00000005212  8.9080275366681e-14  0.80000000001614  0.1999999999838  
 0.0103125   300.00000005212  8.9080275366681e-14  0.80000000001614  0.1999999999838  
 0.010625   300.00000005212  8.9080275366681e-14  0.80000000001614  0.1999999999838  
 0.0109375   300.00000005212  8.9080275366681e-14  0.80000000001614  0.1999999999838  
 0.01125   300.00000005212  8.9080275366681e-14  0.80000000001614  0.1999999999838  
 0.0115625   300.00000005212  8.9080275366681e-14  0.80000000001614  0.1999999999838  
 0.011875   300.00000005212  8.9080275366681e-14  0.80000000001614  0.1999999999838  
 0.0121875   300.00000005212  8.9080275366681e-14  0.80000000001614  0.1999999999838  
 0.0125   300.00000005212  8.9080275366681e-14  0.80000000001614  0.1999999999838  
 0.0128125   300.00000005212  8.9080275366681e-14  0.80000000001614  0.1999999999838  
 0.013125   300.00000005212  8.9080275366681e-14  0.80000000001614  0.1999999999838  
 0.0134375   300.00000005212  8.9080275366681e-14  0.80000000001614  0.1999999999838  
 0.01375   300.00000005212  8.9080275366681e-14  0.80000000001614  0.1999999999838  
 0.0140625   300.00000005212  8.9080275366681e-14  0.80000000001614  0.1999999999838  
 0.014375   300.00000005212  8.9080275366681e-14  0.80000000001614  0.1999999999838  
 0.0146875   300.00000005212  8.9080275366681e-14  0.80000000001614  0.1999999999838  
 0.015   300.00000005212  8.9080275366681e-14  0.80000000001614  0.1999999999838  
 0.0153125   300.00000005212  8.9080275366681e-14  0.80000000001614  0.1999999999838  
 0.015625   300.00000005212  8.9080275366681e-14  0.80000000001614  0.1999999999838  
 0.0159375   300.00000005212  8.9080275366681e-14  0.80000000001614  0.1999999999838  
 0.01625   300.00000005212  8.9080275366681e-14  0.80000000001614  0.1999999999838  
 0.0165625   300.00000005212  8.9080275366681e-14  0.80000000001614  0.1999999999838  
 0.016875   300.00000005212  8.9080275366681e-14  0.80000000001614  0.1999999999838  
 0.0171875   300.00000005212  8.9080275366681e-14  0.80000000001614  0.1999999999838  
 0.0175   300.00000005212  8.9080275366681e-14  0.80000000001614  0.1999999999838  
 0.0178125   300.00000005212  8.9080275366681e-14  0.80000000001614  0.1999999999838  
 0.018125   300.00000005212  8.9080275366681e-14  0.80000000001614  0.1999999999838  
 0.0184375   300.00000005212  8.9080275366681e-14  0.80000000001614  0.1999999999838  
 0.01875   300.00000005212  8.9080275366681e-14  0.80000000001614  0.1999999999838  
 0.0190625   300.00000005212  8.9080275366681e-14  0.80000000001614  0.1999999999838  
 0.019375   300.00000005212  8.9080275366681e-14  0.80000000001614  0.1999999999838  
 0.0196875   300.00000005212  8.9080275366681e-14  0.80000000001614  0.1999999999838  
 0.02   300  0  0.8  0.2  
