# TIME: 0.00136
#  x     Variables:...

 0   1000  0  0.8  0.2  
 0.0003125   1138.909537134  0.0060758781864486  0.99302413630387  0.00090041395918728  
 0.000625   1032.577298738  0.0023968459946811  0.99742016934006  0.0001830320920039  
 0.0009375   834.92565369036  0.00048156581359944  0.92723744039123  0.072280935650589  
 0.00125   457.70002609295  2.1760586693136e-06  0.82402403019507  0.17597379366672  
 0.0015625   339.12860414434  8.9541432680551e-09  0.804131798184  0.19586819286169  
 0.001875   308.51167929056  2.6956490719081e-11  0.80060213162455  0.1993978683485  
 0.0021875   301.68580630319  1.8501361188708e-13  0.80007581608698  0.19992418391284  
 0.0025   300.30847546305  9.3185048799129e-14  0.80000845768302  0.19999154231689  
 0.0028125   300.05229817674  8.9732404337464e-14  0.80000085134104  0.19999914865888  
 0.003125   300.00821552313  8.9182334690012e-14  0.80000007830144  0.19999992169848  
 0.0034375   300.00119672697  8.9095134132441e-14  0.80000000665429  0.19999999334564  
 0.00375   300.00016200191  8.908228599844e-14  0.80000000054233  0.19999999945759  
 0.0040625   300.00002048221  8.9080528981649e-14  0.80000000005896  0.19999999994097  
 0.004375   300.0000024726  8.9080305408779e-14  0.8000000000233  0.19999999997664  
 0.0046875   300.00000033289  8.9080278849481e-14  0.80000000002083  0.19999999997911  
 0.005   300.00000009472  8.9080275893564e-14  0.80000000002068  0.19999999997927  
 0.0053125   300.0000000698  8.9080275584287e-14  0.80000000002067  0.19999999997927  
 0.005625   300.00000006734  8.9080275553763e-14  0.80000000002067  0.19999999997927  
 0.0059375   300.00000006711  8.9080275550911e-14  0.80000000002067  0.19999999997927  
 0.00625   300.00000006709  8.9080275550649e-14  0.80000000002067  0.19999999997927  
 0.0065625   300.00000006709  8.9080275550648e-14  0.80000000002067  0.19999999997927  
 0.006875   300.00000006709  8.9080275550648e-14  0.80000000002067  0.19999999997927  
 0.0071875   300.00000006709  8.9080275550648e-14  0.80000000002067  0.19999999997927  
 0.0075   300.00000006709  8.9080275550648e-14  0.80000000002067  0.19999999997927  
 0.0078125   300.00000006709  8.9080275550648e-14  0.80000000002067  0.19999999997927  
 0.008125   300.00000006709  8.9080275550648e-14  0.80000000002067  0.19999999997927  
 0.0084375   300.00000006709  8.9080275550648e-14  0.80000000002067  0.19999999997927  
 0.00875   300.00000006709  8.9080275550648e-14  0.80000000002067  0.19999999997927  
 0.0090625   300.00000006709  8.9080275550648e-14  0.80000000002067  0.19999999997927  
 0.009375   300.00000006709  8.9080275550648e-14  0.80000000002067  0.19999999997927  
 0.0096875   300.00000006709  8.9080275550648e-14  0.80000000002067  0.19999999997927  
 0.01   300.00000006709  8.9080275550648e-14  0.80000000002067  0.19999999997927  
 0.0103125   300.00000006709  8.9080275550648e-14  0.80000000002067  0.19999999997927  
 0.010625   300.00000006709  8.9080275550648e-14  0.80000000002067  0.19999999997927  
 0.0109375   300.00000006709  8.9080275550648e-14  0.80000000002067  0.19999999997927  
 0.01125   300.00000006709  8.9080275550648e-14  0.80000000002067  0.19999999997927  
 0.0115625   300.00000006709  8.9080275550648e-14  0.80000000002067  0.19999999997927  
 0.011875   300.00000006709  8.9080275550648e-14  0.80000000002067  0.19999999997927  
 0.0121875   300.00000006709  8.9080275550648e-14  0.80000000002067  0.19999999997927  
 0.0125   300.00000006709  8.9080275550648e-14  0.80000000002067  0.19999999997927  
 0.0128125   300.00000006709  8.9080275550648e-14  0.80000000002067  0.19999999997927  
 0.013125   300.00000006709  8.9080275550648e-14  0.80000000002067  0.19999999997927  
 0.0134375   300.00000006709  8.9080275550648e-14  0.80000000002067  0.19999999997927  
 0.01375   300.00000006709  8.9080275550648e-14  0.80000000002067  0.19999999997927  
 0.0140625   300.00000006709  8.9080275550648e-14  0.80000000002067  0.19999999997927  
 0.014375   300.00000006709  8.9080275550648e-14  0.80000000002067  0.19999999997927  
 0.0146875   300.00000006709  8.9080275550648e-14  0.80000000002067  0.19999999997927  
 0.015   300.00000006709  8.9080275550648e-14  0.80000000002067  0.19999999997927  
 0.0153125   300.00000006709  8.9080275550648e-14  0.80000000002067  0.19999999997927  
 0.015625   300.00000006709  8.9080275550648e-14  0.80000000002067  0.19999999997927  
 0.0159375   300.00000006709  8.9080275550648e-14  0.80000000002067  0.19999999997927  
 0.01625   300.00000006709  8.9080275550648e-14  0.80000000002067  0.19999999997927  
 0.0165625   300.00000006709  8.9080275550648e-14  0.80000000002067  0.19999999997927  
 0.016875   300.00000006709  8.9080275550648e-14  0.80000000002067  0.19999999997927  
 0.0171875   300.00000006709  8.9080275550648e-14  0.80000000002067  0.19999999997927  
 0.0175   300.00000006709  8.9080275550648e-14  0.80000000002067  0.19999999997927  
 0.0178125   300.00000006709  8.9080275550648e-14  0.80000000002067  0.19999999997927  
 0.018125   300.00000006709  8.9080275550648e-14  0.80000000002067  0.19999999997927  
 0.0184375   300.00000006709  8.9080275550648e-14  0.80000000002067  0.19999999997927  
 0.01875   300.00000006709  8.9080275550648e-14  0.80000000002067  0.19999999997927  
 0.0190625   300.00000006709  8.9080275550648e-14  0.80000000002067  0.19999999997927  
 0.019375   300.00000006709  8.9080275550648e-14  0.80000000002067  0.19999999997927  
 0.0196875   300.00000006709  8.9080275550648e-14  0.80000000002067  0.19999999997927  
 0.02   300  0  0.8  0.2  
