# TIME: 0.00098000000000002
#  x     Variables:...

 0   1000  0  0.8  0.2  
 0.0003125   1109.115234139  0.0052146214582871  0.99367528220552  0.0011103549752838  
 0.000625   1039.3160929609  0.0034260783402549  0.9938210195947  0.0027528493381443  
 0.0009375   472.89358592278  1.5599166222456e-05  0.82133915009654  0.17864524920321  
 0.00125   336.47654590965  6.6923561228916e-08  0.80228686110447  0.19771307197116  
 0.0015625   307.16065395521  2.0290058130877e-10  0.80022495402437  0.19977504577273  
 0.001875   301.2723177115  6.6422482972609e-13  0.80001915557708  0.19998084442226  
 0.0021875   300.20354802394  9.3141913928431e-14  0.80000142211099  0.19999857788893  
 0.0025   300.02932667139  8.9449163220976e-14  0.80000009411058  0.19999990588934  
 0.0028125   300.00381949016  8.9127717426729e-14  0.80000000569149  0.19999999430843  
 0.003125   300.00045230694  8.9085889310267e-14  0.80000000033356  0.19999999966636  
 0.0034375   300.00004905197  8.9080883471693e-14  0.80000000003185  0.19999999996808  
 0.00375   300.00000493784  8.9080335987818e-14  0.80000000001579  0.19999999998414  
 0.0040625   300.00000050007  8.908028092412e-14  0.80000000001497  0.19999999998496  
 0.004375   300.00000008702  8.9080275800065e-14  0.80000000001494  0.199999999985  
 0.0046875   300.00000005126  8.9080275356459e-14  0.80000000001494  0.199999999985  
 0.005   300.00000004836  8.9080275320555e-14  0.80000000001494  0.199999999985  
 0.0053125   300.00000004814  8.9080275317823e-14  0.80000000001494  0.199999999985  
 0.005625   300.00000004812  8.9080275317624e-14  0.80000000001494  0.199999999985  
 0.0059375   300.00000004812  8.9080275317623e-14  0.80000000001494  0.199999999985  
 0.00625   300.00000004812  8.9080275317623e-14  0.80000000001494  0.199999999985  
 0.0065625   300.00000004812  8.9080275317623e-14  0.80000000001494  0.199999999985  
 0.006875   300.00000004812  8.9080275317623e-14  0.80000000001494  0.199999999985  
 0.0071875   300.00000004812  8.9080275317623e-14  0.80000000001494  0.199999999985  
 0.0075   300.00000004812  8.9080275317623e-14  0.80000000001494  0.199999999985  
 0.0078125   300.00000004812  8.9080275317623e-14  0.80000000001494  0.199999999985  
 0.008125   300.00000004812  8.9080275317623e-14  0.80000000001494  0.199999999985  
 0.0084375   300.00000004812  8.9080275317623e-14  0.80000000001494  0.199999999985  
 0.00875   300.00000004812  8.9080275317623e-14  0.80000000001494  0.199999999985  
 0.0090625   300.00000004812  8.9080275317623e-14  0.80000000001494  0.199999999985  
 0.009375   300.00000004812  8.9080275317623e-14  0.80000000001494  0.199999999985  
 0.0096875   300.00000004812  8.9080275317623e-14  0.80000000001494  0.199999999985  
 0.01   300.00000004812  8.9080275317623e-14  0.80000000001494  0.199999999985  
 0.0103125   300.00000004812  8.9080275317623e-14  0.80000000001494  0.199999999985  
 0.010625   300.00000004812  8.9080275317623e-14  0.80000000001494  0.199999999985  
 0.0109375   300.00000004812  8.9080275317623e-14  0.80000000001494  0.199999999985  
 0.01125   300.00000004812  8.9080275317623e-14  0.80000000001494  0.199999999985  
 0.0115625   300.00000004812  8.9080275317623e-14  0.80000000001494  0.199999999985  
 0.011875   300.00000004812  8.9080275317623e-14  0.80000000001494  0.199999999985  
 0.0121875   300.00000004812  8.9080275317623e-14  0.80000000001494  0.199999999985  
 0.0125   300.00000004812  8.9080275317623e-14  0.80000000001494  0.199999999985  
 0.0128125   300.00000004812  8.9080275317623e-14  0.80000000001494  0.199999999985  
 0.013125   300.00000004812  8.9080275317623e-14  0.80000000001494  0.199999999985  
 0.0134375   300.00000004812  8.9080275317623e-14  0.80000000001494  0.199999999985  
 0.01375   300.00000004812  8.9080275317623e-14  0.80000000001494  0.199999999985  
 0.0140625   300.00000004812  8.9080275317623e-14  0.80000000001494  0.199999999985  
 0.014375   300.00000004812  8.9080275317623e-14  0.80000000001494  0.199999999985  
 0.0146875   300.00000004812  8.9080275317623e-14  0.80000000001494  0.199999999985  
 0.015   300.00000004812  8.9080275317623e-14  0.80000000001494  0.199999999985  
 0.0153125   300.00000004812  8.9080275317623e-14  0.80000000001494  0.199999999985  
 0.015625   300.00000004812  8.9080275317623e-14  0.80000000001494  0.199999999985  
 0.0159375   300.00000004812  8.9080275317623e-14  0.80000000001494  0.199999999985  
 0.01625   300.00000004812  8.9080275317623e-14  0.80000000001494  0.199999999985  
 0.0165625   300.00000004812  8.9080275317623e-14  0.80000000001494  0.199999999985  
 0.016875   300.00000004812  8.9080275317623e-14  0.80000000001494  0.199999999985  
 0.0171875   300.00000004812  8.9080275317623e-14  0.80000000001494  0.199999999985  
 0.0175   300.00000004812  8.9080275317623e-14  0.80000000001494  0.199999999985  
 0.0178125   300.00000004812  8.9080275317623e-14  0.80000000001494  0.199999999985  
 0.018125   300.00000004812  8.9080275317623e-14  0.80000000001494  0.199999999985  
 0.0184375   300.00000004812  8.9080275317623e-14  0.80000000001494  0.199999999985  
 0.01875   300.00000004812  8.9080275317623e-14  0.80000000001494  0.199999999985  
 0.0190625   300.00000004812  8.9080275317623e-14  0.80000000001494  0.199999999985  
 0.019375   300.00000004812  8.9080275317623e-14  0.80000000001494  0.199999999985  
 0.0196875   300.00000004812  8.9080275317623e-14  0.80000000001494  0.199999999985  
 0.02   300  0  0.8  0.2  
