# TIME: 0.00080000000000001
#  x     Variables:...

 0   1000  0  0.8  0.2  
 0.0003125   1106.9694832737  0.0057244908452023  0.99318824577437  0.0010874054363042  
 0.000625   640.64106395781  3.229257067268e-05  0.8437377575215  0.15622991974325  
 0.0009375   379.40833711195  1.7114379439418e-07  0.80463524462337  0.19536458422457  
 0.00125   315.69374808951  5.8832104792476e-10  0.8003559826168  0.19964401679486  
 0.0015625   302.75362389062  1.8193050718607e-12  0.80002218987829  0.1999778101199  
 0.001875   300.42520323617  9.9212395560903e-14  0.80000121595553  0.19999878404438  
 0.0021875   300.0577518763  8.9813363649926e-14  0.80000006209741  0.1999999379025  
 0.0025   300.00695469648  8.9166687856992e-14  0.80000000307661  0.1999999969233  
 0.0028125   300.00075033683  8.908958723453e-14  0.80000000016064  0.19999999983928  
 0.003125   300.00007328217  8.9081183939807e-14  0.80000000001926  0.19999999998067  
 0.0034375   300.00000656569  8.9080356160954e-14  0.80000000001254  0.19999999998739  
 0.00375   300.00000057403  8.9080281840107e-14  0.80000000001223  0.1999999999877  
 0.0040625   300.00000007972  8.9080275710321e-14  0.80000000001222  0.19999999998771  
 0.004375   300.00000004201  8.9080275242758e-14  0.80000000001222  0.19999999998771  
 0.0046875   300.00000003933  8.9080275209583e-14  0.80000000001222  0.19999999998771  
 0.005   300.00000003915  8.908027520738e-14  0.80000000001222  0.19999999998771  
 0.0053125   300.00000003914  8.9080275207244e-14  0.80000000001222  0.19999999998771  
 0.005625   300.00000003914  8.9080275207244e-14  0.80000000001222  0.19999999998771  
 0.0059375   300.00000003914  8.9080275207244e-14  0.80000000001222  0.19999999998771  
 0.00625   300.00000003914  8.9080275207244e-14  0.80000000001222  0.19999999998771  
 0.0065625   300.00000003914  8.9080275207244e-14  0.80000000001222  0.19999999998771  
 0.006875   300.00000003914  8.9080275207244e-14  0.80000000001222  0.19999999998771  
 0.0071875   300.00000003914  8.9080275207244e-14  0.80000000001222  0.19999999998771  
 0.0075   300.00000003914  8.9080275207244e-14  0.80000000001222  0.19999999998771  
 0.0078125   300.00000003914  8.9080275207244e-14  0.80000000001222  0.19999999998771  
 0.008125   300.00000003914  8.9080275207244e-14  0.80000000001222  0.19999999998771  
 0.0084375   300.00000003914  8.9080275207244e-14  0.80000000001222  0.19999999998771  
 0.00875   300.00000003914  8.9080275207244e-14  0.80000000001222  0.19999999998771  
 0.0090625   300.00000003914  8.9080275207244e-14  0.80000000001222  0.19999999998771  
 0.009375   300.00000003914  8.9080275207244e-14  0.80000000001222  0.19999999998771  
 0.0096875   300.00000003914  8.9080275207244e-14  0.80000000001222  0.19999999998771  
 0.01   300.00000003914  8.9080275207244e-14  0.80000000001222  0.19999999998771  
 0.0103125   300.00000003914  8.9080275207244e-14  0.80000000001222  0.19999999998771  
 0.010625   300.00000003914  8.9080275207244e-14  0.80000000001222  0.19999999998771  
 0.0109375   300.00000003914  8.9080275207244e-14  0.80000000001222  0.19999999998771  
 0.01125   300.00000003914  8.9080275207244e-14  0.80000000001222  0.19999999998771  
 0.0115625   300.00000003914  8.9080275207244e-14  0.80000000001222  0.19999999998771  
 0.011875   300.00000003914  8.9080275207244e-14  0.80000000001222  0.19999999998771  
 0.0121875   300.00000003914  8.9080275207244e-14  0.80000000001222  0.19999999998771  
 0.0125   300.00000003914  8.9080275207244e-14  0.80000000001222  0.19999999998771  
 0.0128125   300.00000003914  8.9080275207244e-14  0.80000000001222  0.19999999998771  
 0.013125   300.00000003914  8.9080275207244e-14  0.80000000001222  0.19999999998771  
 0.0134375   300.00000003914  8.9080275207244e-14  0.80000000001222  0.19999999998771  
 0.01375   300.00000003914  8.9080275207244e-14  0.80000000001222  0.19999999998771  
 0.0140625   300.00000003914  8.9080275207244e-14  0.80000000001222  0.19999999998771  
 0.014375   300.00000003914  8.9080275207244e-14  0.80000000001222  0.19999999998771  
 0.0146875   300.00000003914  8.9080275207244e-14  0.80000000001222  0.19999999998771  
 0.015   300.00000003914  8.9080275207244e-14  0.80000000001222  0.19999999998771  
 0.0153125   300.00000003914  8.9080275207244e-14  0.80000000001222  0.19999999998771  
 0.015625   300.00000003914  8.9080275207244e-14  0.80000000001222  0.19999999998771  
 0.0159375   300.00000003914  8.9080275207244e-14  0.80000000001222  0.19999999998771  
 0.01625   300.00000003914  8.9080275207244e-14  0.80000000001222  0.19999999998771  
 0.0165625   300.00000003914  8.9080275207244e-14  0.80000000001222  0.19999999998771  
 0.016875   300.00000003914  8.9080275207244e-14  0.80000000001222  0.19999999998771  
 0.0171875   300.00000003914  8.9080275207244e-14  0.80000000001222  0.19999999998771  
 0.0175   300.00000003914  8.9080275207244e-14  0.80000000001222  0.19999999998771  
 0.0178125   300.00000003914  8.9080275207244e-14  0.80000000001222  0.19999999998771  
 0.018125   300.00000003914  8.9080275207244e-14  0.80000000001222  0.19999999998771  
 0.0184375   300.00000003914  8.9080275207244e-14  0.80000000001222  0.19999999998771  
 0.01875   300.00000003914  8.9080275207244e-14  0.80000000001222  0.19999999998771  
 0.0190625   300.00000003914  8.9080275207244e-14  0.80000000001222  0.19999999998771  
 0.019375   300.00000003914  8.9080275207244e-14  0.80000000001222  0.19999999998771  
 0.0196875   300.00000003914  8.9080275207244e-14  0.80000000001222  0.19999999998771  
 0.02   300  0  0.8  0.2  
