# TIME: 0.00124
#  x     Variables:...

 0   1000  0  0.8  0.2  
 0.0003125   1133.5154769989  0.0058516228554889  0.99321226933552  0.00093648110619523  
 0.000625   1026.0229493484  0.00254019573559  0.99725967525361  0.00020015216395555  
 0.0009375   677.79631194623  4.5479921943774e-05  0.8728593712439  0.12709510731449  
 0.00125   407.26085488958  2.4443075327159e-07  0.81386825673714  0.18613149882069  
 0.0015625   324.29437693301  9.2286211195163e-10  0.80204743624599  0.19795256283112  
 0.001875   304.91038570671  2.8873283260331e-12  0.80025270435879  0.19974729563833  
 0.0021875   300.91428728008  1.0870607009751e-13  0.80002728341181  0.19997271658809  
 0.0025   300.15718323017  9.1073975340605e-14  0.80000263915792  0.19999736084199  
 0.0028125   300.02489189256  8.938993151735e-14  0.80000023172315  0.19999976827677  
 0.003125   300.0036299564  8.9125355830738e-14  0.80000001864373  0.1999999813562  
 0.0034375   300.0004884558  8.9086339153077e-14  0.80000000139997  0.19999999859996  
 0.00375   300.0000608921  8.9081030618326e-14  0.80000000011403  0.19999999988589  
 0.0040625   300.0000071023  8.908036287242e-14  0.80000000002499  0.19999999997494  
 0.004375   300.00000082157  8.9080284914556e-14  0.80000000001922  0.19999999998071  
 0.0046875   300.00000013803  8.9080276431688e-14  0.80000000001888  0.19999999998106  
 0.005   300.00000006842  8.9080275567844e-14  0.80000000001886  0.19999999998108  
 0.0053125   300.00000006176  8.9080275485195e-14  0.80000000001886  0.19999999998108  
 0.005625   300.00000006115  8.9080275477743e-14  0.80000000001886  0.19999999998108  
 0.0059375   300.0000000611  8.9080275477105e-14  0.80000000001886  0.19999999998108  
 0.00625   300.0000000611  8.9080275477061e-14  0.80000000001886  0.19999999998108  
 0.0065625   300.0000000611  8.9080275477061e-14  0.80000000001886  0.19999999998108  
 0.006875   300.0000000611  8.9080275477061e-14  0.80000000001886  0.19999999998108  
 0.0071875   300.0000000611  8.9080275477061e-14  0.80000000001886  0.19999999998108  
 0.0075   300.0000000611  8.9080275477061e-14  0.80000000001886  0.19999999998108  
 0.0078125   300.0000000611  8.9080275477061e-14  0.80000000001886  0.19999999998108  
 0.008125   300.0000000611  8.9080275477061e-14  0.80000000001886  0.19999999998108  
 0.0084375   300.0000000611  8.9080275477061e-14  0.80000000001886  0.19999999998108  
 0.00875   300.0000000611  8.9080275477061e-14  0.80000000001886  0.19999999998108  
 0.0090625   300.0000000611  8.9080275477061e-14  0.80000000001886  0.19999999998108  
 0.009375   300.0000000611  8.9080275477061e-14  0.80000000001886  0.19999999998108  
 0.0096875   300.0000000611  8.9080275477061e-14  0.80000000001886  0.19999999998108  
 0.01   300.0000000611  8.9080275477061e-14  0.80000000001886  0.19999999998108  
 0.0103125   300.0000000611  8.9080275477061e-14  0.80000000001886  0.19999999998108  
 0.010625   300.0000000611  8.9080275477061e-14  0.80000000001886  0.19999999998108  
 0.0109375   300.0000000611  8.9080275477061e-14  0.80000000001886  0.19999999998108  
 0.01125   300.0000000611  8.9080275477061e-14  0.80000000001886  0.19999999998108  
 0.0115625   300.0000000611  8.9080275477061e-14  0.80000000001886  0.19999999998108  
 0.011875   300.0000000611  8.9080275477061e-14  0.80000000001886  0.19999999998108  
 0.0121875   300.0000000611  8.9080275477061e-14  0.80000000001886  0.19999999998108  
 0.0125   300.0000000611  8.9080275477061e-14  0.80000000001886  0.19999999998108  
 0.0128125   300.0000000611  8.9080275477061e-14  0.80000000001886  0.19999999998108  
 0.013125   300.0000000611  8.9080275477061e-14  0.80000000001886  0.19999999998108  
 0.0134375   300.0000000611  8.9080275477061e-14  0.80000000001886  0.19999999998108  
 0.01375   300.0000000611  8.9080275477061e-14  0.80000000001886  0.19999999998108  
 0.0140625   300.0000000611  8.9080275477061e-14  0.80000000001886  0.19999999998108  
 0.014375   300.0000000611  8.9080275477061e-14  0.80000000001886  0.19999999998108  
 0.0146875   300.0000000611  8.9080275477061e-14  0.80000000001886  0.19999999998108  
 0.015   300.0000000611  8.9080275477061e-14  0.80000000001886  0.19999999998108  
 0.0153125   300.0000000611  8.9080275477061e-14  0.80000000001886  0.19999999998108  
 0.015625   300.0000000611  8.9080275477061e-14  0.80000000001886  0.19999999998108  
 0.0159375   300.0000000611  8.9080275477061e-14  0.80000000001886  0.19999999998108  
 0.01625   300.0000000611  8.9080275477061e-14  0.80000000001886  0.19999999998108  
 0.0165625   300.0000000611  8.9080275477061e-14  0.80000000001886  0.19999999998108  
 0.016875   300.0000000611  8.9080275477061e-14  0.80000000001886  0.19999999998108  
 0.0171875   300.0000000611  8.9080275477061e-14  0.80000000001886  0.19999999998108  
 0.0175   300.0000000611  8.9080275477061e-14  0.80000000001886  0.19999999998108  
 0.0178125   300.0000000611  8.9080275477061e-14  0.80000000001886  0.19999999998108  
 0.018125   300.0000000611  8.9080275477061e-14  0.80000000001886  0.19999999998108  
 0.0184375   300.0000000611  8.9080275477061e-14  0.80000000001886  0.19999999998108  
 0.01875   300.0000000611  8.9080275477061e-14  0.80000000001886  0.19999999998108  
 0.0190625   300.0000000611  8.9080275477061e-14  0.80000000001886  0.19999999998108  
 0.019375   300.0000000611  8.9080275477061e-14  0.80000000001886  0.19999999998108  
 0.0196875   300.0000000611  8.9080275477061e-14  0.80000000001886  0.19999999998108  
 0.02   300  0  0.8  0.2  
