# TIME: 0.0028400000000001
#  x     Variables:...

 0   1000  0  0.8  0.2  
 0.0003125   1182.3080014642  0.0076875041708968  0.99163753353071  0.00067612677218332  
 0.000625   1157.1540899591  0.0036151037858195  0.99630400955462  8.0939869280139e-05  
 0.0009375   1097.4333567689  0.0016783390526384  0.99824893242349  7.2756150285828e-05  
 0.00125   1020.3761058529  0.00076807194226997  0.99914726437955  8.4682595370622e-05  
 0.0015625   931.4818736969  0.00053035516791653  0.99928256630462  0.00018708934446054  
 0.001875   814.56974297256  0.00036090017410809  0.94656409941658  0.053074960374436  
 0.0021875   504.96249903642  1.8301565662438e-06  0.84343076970729  0.15656740002567  
 0.0025   370.5344205331  9.590801495917e-09  0.81218948870896  0.18781050169999  
 0.0028125   321.62632071956  3.6184576668769e-11  0.80312061703755  0.19687938292628  
 0.003125   306.08756450624  3.0934933403191e-13  0.80073324153536  0.19926675846434  
 0.0034375   301.59767148298  1.1144565106099e-13  0.80015931305165  0.19984068694825  
 0.00375   300.39385963579  9.4092523140752e-14  0.80003216771235  0.19996783228757  
 0.0040625   300.091621061  9.0222964673188e-14  0.80000606054948  0.19999393945046  
 0.004375   300.02018295908  8.9330888932424e-14  0.80000106948646  0.19999893051348  
 0.0046875   300.00422271983  8.9132671059994e-14  0.80000017742803  0.1999998225719  
 0.005   300.00084124979  8.909071374308e-14  0.80000002779088  0.19999997220906  
 0.0053125   300.00015998825  8.9082260349456e-14  0.80000000414904  0.1999999958509  
 0.005625   300.00002917472  8.9080636857752e-14  0.80000000061938  0.19999999938058  
 0.0059375   300.00000518887  8.9080339125814e-14  0.80000000011993  0.19999999988002  
 0.00625   300.0000009822  8.9080286902723e-14  0.80000000005278  0.19999999994719  
 0.0065625   300.0000002755  8.9080278128786e-14  0.80000000004418  0.19999999995579  
 0.006875   300.00000016163  8.9080276714952e-14  0.80000000004314  0.19999999995684  
 0.0071875   300.00000014401  8.9080276496162e-14  0.80000000004302  0.19999999995696  
 0.0075   300.00000014139  8.9080276463605e-14  0.80000000004302  0.19999999995697  
 0.0078125   300.00000014101  8.9080276458941e-14  0.80000000004302  0.19999999995697  
 0.008125   300.00000014096  8.9080276458298e-14  0.80000000004302  0.19999999995697  
 0.0084375   300.00000014095  8.9080276458217e-14  0.80000000004302  0.19999999995697  
 0.00875   300.00000014095  8.9080276458217e-14  0.80000000004302  0.19999999995697  
 0.0090625   300.00000014095  8.9080276458217e-14  0.80000000004302  0.19999999995697  
 0.009375   300.00000014095  8.9080276458217e-14  0.80000000004302  0.19999999995697  
 0.0096875   300.00000014095  8.9080276458217e-14  0.80000000004302  0.19999999995697  
 0.01   300.00000014095  8.9080276458217e-14  0.80000000004302  0.19999999995697  
 0.0103125   300.00000014095  8.9080276458217e-14  0.80000000004302  0.19999999995697  
 0.010625   300.00000014095  8.9080276458217e-14  0.80000000004302  0.19999999995697  
 0.0109375   300.00000014095  8.9080276458217e-14  0.80000000004302  0.19999999995697  
 0.01125   300.00000014095  8.9080276458217e-14  0.80000000004302  0.19999999995697  
 0.0115625   300.00000014095  8.9080276458217e-14  0.80000000004302  0.19999999995697  
 0.011875   300.00000014095  8.9080276458217e-14  0.80000000004302  0.19999999995697  
 0.0121875   300.00000014095  8.9080276458217e-14  0.80000000004302  0.19999999995697  
 0.0125   300.00000014095  8.9080276458217e-14  0.80000000004302  0.19999999995697  
 0.0128125   300.00000014095  8.9080276458217e-14  0.80000000004302  0.19999999995697  
 0.013125   300.00000014095  8.9080276458217e-14  0.80000000004302  0.19999999995697  
 0.0134375   300.00000014095  8.9080276458217e-14  0.80000000004302  0.19999999995697  
 0.01375   300.00000014095  8.9080276458217e-14  0.80000000004302  0.19999999995697  
 0.0140625   300.00000014095  8.9080276458217e-14  0.80000000004302  0.19999999995697  
 0.014375   300.00000014095  8.9080276458217e-14  0.80000000004302  0.19999999995697  
 0.0146875   300.00000014095  8.9080276458217e-14  0.80000000004302  0.19999999995697  
 0.015   300.00000014095  8.9080276458217e-14  0.80000000004302  0.19999999995697  
 0.0153125   300.00000014095  8.9080276458217e-14  0.80000000004302  0.19999999995697  
 0.015625   300.00000014095  8.9080276458217e-14  0.80000000004302  0.19999999995697  
 0.0159375   300.00000014095  8.9080276458217e-14  0.80000000004302  0.19999999995697  
 0.01625   300.00000014095  8.9080276458217e-14  0.80000000004302  0.19999999995697  
 0.0165625   300.00000014095  8.9080276458217e-14  0.80000000004302  0.19999999995697  
 0.016875   300.00000014095  8.9080276458217e-14  0.80000000004302  0.19999999995697  
 0.0171875   300.00000014095  8.9080276458217e-14  0.80000000004302  0.19999999995697  
 0.0175   300.00000014095  8.9080276458217e-14  0.80000000004302  0.19999999995697  
 0.0178125   300.00000014095  8.9080276458217e-14  0.80000000004302  0.19999999995697  
 0.018125   300.00000014095  8.9080276458217e-14  0.80000000004302  0.19999999995697  
 0.0184375   300.00000014095  8.9080276458217e-14  0.80000000004302  0.19999999995697  
 0.01875   300.00000014095  8.9080276458217e-14  0.80000000004302  0.19999999995697  
 0.0190625   300.00000014095  8.9080276458217e-14  0.80000000004302  0.19999999995697  
 0.019375   300.00000014095  8.9080276458217e-14  0.80000000004302  0.19999999995697  
 0.0196875   300.00000014095  8.9080276458217e-14  0.80000000004302  0.19999999995697  
 0.02   300  0  0.8  0.2  
