# TIME: 0.00066000000000001
#  x     Variables:...

 0   1000  0  0.8  0.2  
 0.0003125   1130.692046393  0.0066759314538812  0.99240510948633  0.00091898673816267  
 0.000625   498.65812574099  2.6815078972909e-05  0.81277494786307  0.18719823179615  
 0.0009375   341.06208557927  1.2586343976605e-07  0.80054638604737  0.19945348808745  
 0.00125   307.56052477529  4.0123310900289e-10  0.80002422863983  0.19997577095893  
 0.0015625   301.16785821266  1.2598894236593e-12  0.80000117894557  0.19999882105317  
 0.001875   300.15324634948  9.4262672052857e-14  0.80000005892589  0.19999994107402  
 0.0021875   300.01742674122  8.9305976629082e-14  0.80000000287866  0.19999999712126  
 0.0025   300.00174695488  8.9101979200172e-14  0.80000000014329  0.19999999985663  
 0.0028125   300.00015655393  8.9082216707151e-14  0.80000000001596  0.19999999998396  
 0.003125   300.00001270914  8.9080432316187e-14  0.80000000001034  0.19999999998958  
 0.0034375   300.00000096894  8.908028673383e-14  0.80000000001011  0.19999999998982  
 0.00375   300.00000009581  8.9080275910214e-14  0.8000000000101  0.19999999998982  
 0.0040625   300.00000003616  8.9080275170987e-14  0.8000000000101  0.19999999998982  
 0.004375   300.00000003239  8.908027512429e-14  0.8000000000101  0.19999999998982  
 0.0046875   300.00000003216  8.9080275121544e-14  0.8000000000101  0.19999999998982  
 0.005   300.00000003215  8.9080275121393e-14  0.8000000000101  0.19999999998982  
 0.0053125   300.00000003215  8.9080275121393e-14  0.8000000000101  0.19999999998982  
 0.005625   300.00000003215  8.9080275121393e-14  0.8000000000101  0.19999999998982  
 0.0059375   300.00000003215  8.9080275121393e-14  0.8000000000101  0.19999999998982  
 0.00625   300.00000003215  8.9080275121393e-14  0.8000000000101  0.19999999998982  
 0.0065625   300.00000003215  8.9080275121393e-14  0.8000000000101  0.19999999998982  
 0.006875   300.00000003215  8.9080275121393e-14  0.8000000000101  0.19999999998982  
 0.0071875   300.00000003215  8.9080275121393e-14  0.8000000000101  0.19999999998982  
 0.0075   300.00000003215  8.9080275121393e-14  0.8000000000101  0.19999999998982  
 0.0078125   300.00000003215  8.9080275121393e-14  0.8000000000101  0.19999999998982  
 0.008125   300.00000003215  8.9080275121393e-14  0.8000000000101  0.19999999998982  
 0.0084375   300.00000003215  8.9080275121393e-14  0.8000000000101  0.19999999998982  
 0.00875   300.00000003215  8.9080275121393e-14  0.8000000000101  0.19999999998982  
 0.0090625   300.00000003215  8.9080275121393e-14  0.8000000000101  0.19999999998982  
 0.009375   300.00000003215  8.9080275121393e-14  0.8000000000101  0.19999999998982  
 0.0096875   300.00000003215  8.9080275121393e-14  0.8000000000101  0.19999999998982  
 0.01   300.00000003215  8.9080275121393e-14  0.8000000000101  0.19999999998982  
 0.0103125   300.00000003215  8.9080275121393e-14  0.8000000000101  0.19999999998982  
 0.010625   300.00000003215  8.9080275121393e-14  0.8000000000101  0.19999999998982  
 0.0109375   300.00000003215  8.9080275121393e-14  0.8000000000101  0.19999999998982  
 0.01125   300.00000003215  8.9080275121393e-14  0.8000000000101  0.19999999998982  
 0.0115625   300.00000003215  8.9080275121393e-14  0.8000000000101  0.19999999998982  
 0.011875   300.00000003215  8.9080275121393e-14  0.8000000000101  0.19999999998982  
 0.0121875   300.00000003215  8.9080275121393e-14  0.8000000000101  0.19999999998982  
 0.0125   300.00000003215  8.9080275121393e-14  0.8000000000101  0.19999999998982  
 0.0128125   300.00000003215  8.9080275121393e-14  0.8000000000101  0.19999999998982  
 0.013125   300.00000003215  8.9080275121393e-14  0.8000000000101  0.19999999998982  
 0.0134375   300.00000003215  8.9080275121393e-14  0.8000000000101  0.19999999998982  
 0.01375   300.00000003215  8.9080275121393e-14  0.8000000000101  0.19999999998982  
 0.0140625   300.00000003215  8.9080275121393e-14  0.8000000000101  0.19999999998982  
 0.014375   300.00000003215  8.9080275121393e-14  0.8000000000101  0.19999999998982  
 0.0146875   300.00000003215  8.9080275121393e-14  0.8000000000101  0.19999999998982  
 0.015   300.00000003215  8.9080275121393e-14  0.8000000000101  0.19999999998982  
 0.0153125   300.00000003215  8.9080275121393e-14  0.8000000000101  0.19999999998982  
 0.015625   300.00000003215  8.9080275121393e-14  0.8000000000101  0.19999999998982  
 0.0159375   300.00000003215  8.9080275121393e-14  0.8000000000101  0.19999999998982  
 0.01625   300.00000003215  8.9080275121393e-14  0.8000000000101  0.19999999998982  
 0.0165625   300.00000003215  8.9080275121393e-14  0.8000000000101  0.19999999998982  
 0.016875   300.00000003215  8.9080275121393e-14  0.8000000000101  0.19999999998982  
 0.0171875   300.00000003215  8.9080275121393e-14  0.8000000000101  0.19999999998982  
 0.0175   300.00000003215  8.9080275121393e-14  0.8000000000101  0.19999999998982  
 0.0178125   300.00000003215  8.9080275121393e-14  0.8000000000101  0.19999999998982  
 0.018125   300.00000003215  8.9080275121393e-14  0.8000000000101  0.19999999998982  
 0.0184375   300.00000003215  8.9080275121393e-14  0.8000000000101  0.19999999998982  
 0.01875   300.00000003215  8.9080275121393e-14  0.8000000000101  0.19999999998982  
 0.0190625   300.00000003215  8.9080275121393e-14  0.8000000000101  0.19999999998982  
 0.019375   300.00000003215  8.9080275121393e-14  0.8000000000101  0.19999999998982  
 0.0196875   300.00000003215  8.9080275121393e-14  0.8000000000101  0.19999999998982  
 0.02   300  0  0.8  0.2  
