# TIME: 0.0020199999999999
#  x     Variables:...

 0   1000  0  0.8  0.2  
 0.0003125   1164.7083136968  0.0070047243595117  0.99223894825915  0.00075707389069066  
 0.000625   1110.238680393  0.0028954508720239  0.99700192746541  0.00010267398257044  
 0.0009375   1020.2587371505  0.001212900763113  0.99866376103742  0.00012336578540622  
 0.00125   951.51546273967  0.0013239536740341  0.99839830536439  0.00027770885661393  
 0.0015625   593.086087142  9.9228897676634e-06  0.86292839531145  0.13706166862996  
 0.001875   390.36444350433  5.6238998388164e-08  0.81474293360364  0.18525701015459  
 0.0021875   324.31932177359  2.190868708299e-10  0.80310450772995  0.19689549205095  
 0.0025   305.97484921922  8.6562915060531e-13  0.80059319680728  0.19940680319186  
 0.0028125   301.35741383007  1.0944928423789e-13  0.80010280391894  0.19989719608096  
 0.003125   300.28752159539  9.2721555865189e-14  0.80001624823654  0.19998375176339  
 0.0034375   300.05710192511  8.979139308019e-14  0.80000235920076  0.19999764079917  
 0.00375   300.01067152219  8.9212793888397e-14  0.80000031682867  0.19999968317125  
 0.0040625   300.00188128458  8.9103628243733e-14  0.80000003960014  0.19999996039979  
 0.004375   300.00031347637  8.9084166284053e-14  0.80000000465061  0.19999999534932  
 0.0046875   300.00004951035  8.9080889388899e-14  0.80000000053705  0.19999999946289  
 0.005   300.00000748514  8.9080367644858e-14  0.80000000008294  0.19999999991701  
 0.0053125   300.00000114804  8.9080288966857e-14  0.80000000003573  0.19999999996422  
 0.005625   300.00000024146  8.9080277711265e-14  0.80000000003109  0.19999999996886  
 0.0059375   300.00000011821  8.9080276181085e-14  0.80000000003067  0.19999999996929  
 0.00625   300.00000010226  8.9080275983047e-14  0.80000000003064  0.19999999996933  
 0.0065625   300.00000010029  8.9080275958607e-14  0.80000000003064  0.19999999996933  
 0.006875   300.00000010006  8.9080275955724e-14  0.80000000003064  0.19999999996933  
 0.0071875   300.00000010003  8.9080275955387e-14  0.80000000003064  0.19999999996933  
 0.0075   300.00000010003  8.9080275955375e-14  0.80000000003064  0.19999999996933  
 0.0078125   300.00000010003  8.9080275955375e-14  0.80000000003064  0.19999999996933  
 0.008125   300.00000010003  8.9080275955375e-14  0.80000000003064  0.19999999996933  
 0.0084375   300.00000010003  8.9080275955375e-14  0.80000000003064  0.19999999996933  
 0.00875   300.00000010003  8.9080275955375e-14  0.80000000003064  0.19999999996933  
 0.0090625   300.00000010003  8.9080275955375e-14  0.80000000003064  0.19999999996933  
 0.009375   300.00000010003  8.9080275955375e-14  0.80000000003064  0.19999999996933  
 0.0096875   300.00000010003  8.9080275955375e-14  0.80000000003064  0.19999999996933  
 0.01   300.00000010003  8.9080275955375e-14  0.80000000003064  0.19999999996933  
 0.0103125   300.00000010003  8.9080275955375e-14  0.80000000003064  0.19999999996933  
 0.010625   300.00000010003  8.9080275955375e-14  0.80000000003064  0.19999999996933  
 0.0109375   300.00000010003  8.9080275955375e-14  0.80000000003064  0.19999999996933  
 0.01125   300.00000010003  8.9080275955375e-14  0.80000000003064  0.19999999996933  
 0.0115625   300.00000010003  8.9080275955375e-14  0.80000000003064  0.19999999996933  
 0.011875   300.00000010003  8.9080275955375e-14  0.80000000003064  0.19999999996933  
 0.0121875   300.00000010003  8.9080275955375e-14  0.80000000003064  0.19999999996933  
 0.0125   300.00000010003  8.9080275955375e-14  0.80000000003064  0.19999999996933  
 0.0128125   300.00000010003  8.9080275955375e-14  0.80000000003064  0.19999999996933  
 0.013125   300.00000010003  8.9080275955375e-14  0.80000000003064  0.19999999996933  
 0.0134375   300.00000010003  8.9080275955375e-14  0.80000000003064  0.19999999996933  
 0.01375   300.00000010003  8.9080275955375e-14  0.80000000003064  0.19999999996933  
 0.0140625   300.00000010003  8.9080275955375e-14  0.80000000003064  0.19999999996933  
 0.014375   300.00000010003  8.9080275955375e-14  0.80000000003064  0.19999999996933  
 0.0146875   300.00000010003  8.9080275955375e-14  0.80000000003064  0.19999999996933  
 0.015   300.00000010003  8.9080275955375e-14  0.80000000003064  0.19999999996933  
 0.0153125   300.00000010003  8.9080275955375e-14  0.80000000003064  0.19999999996933  
 0.015625   300.00000010003  8.9080275955375e-14  0.80000000003064  0.19999999996933  
 0.0159375   300.00000010003  8.9080275955375e-14  0.80000000003064  0.19999999996933  
 0.01625   300.00000010003  8.9080275955375e-14  0.80000000003064  0.19999999996933  
 0.0165625   300.00000010003  8.9080275955375e-14  0.80000000003064  0.19999999996933  
 0.016875   300.00000010003  8.9080275955375e-14  0.80000000003064  0.19999999996933  
 0.0171875   300.00000010003  8.9080275955375e-14  0.80000000003064  0.19999999996933  
 0.0175   300.00000010003  8.9080275955375e-14  0.80000000003064  0.19999999996933  
 0.0178125   300.00000010003  8.9080275955375e-14  0.80000000003064  0.19999999996933  
 0.018125   300.00000010003  8.9080275955375e-14  0.80000000003064  0.19999999996933  
 0.0184375   300.00000010003  8.9080275955375e-14  0.80000000003064  0.19999999996933  
 0.01875   300.00000010003  8.9080275955375e-14  0.80000000003064  0.19999999996933  
 0.0190625   300.00000010003  8.9080275955375e-14  0.80000000003064  0.19999999996933  
 0.019375   300.00000010003  8.9080275955375e-14  0.80000000003064  0.19999999996933  
 0.0196875   300.00000010003  8.9080275955375e-14  0.80000000003064  0.19999999996933  
 0.02   300  0  0.8  0.2  
