# TIME: 0.00036
#  x     Variables:...

 0   1000  0  0.8  0.2  
 0.0003125   576.2116580461  3.4347355159491e-06  0.80035432320222  0.1996422420634  
 0.000625   357.74388959275  1.6344658157838e-08  0.80001444166458  0.19998554199048  
 0.0009375   308.13942079679  4.9751548987184e-11  0.80000053251815  0.1999994674321  
 0.00125   300.8746354616  2.35698087284e-13  0.80000001802872  0.19999998197105  
 0.0015625   300.07619553893  9.0395436709192e-14  0.80000000056978  0.19999999943013  
 0.001875   300.00558443483  8.9150516181592e-14  0.80000000002202  0.19999999997789  
 0.0021875   300.00035332528  8.9084654671842e-14  0.80000000000602  0.1999999999939  
 0.0025   300.00001968656  8.9080518473811e-14  0.80000000000558  0.19999999999433  
 0.0028125   300.0000009952  8.9080287039383e-14  0.80000000000557  0.19999999999435  
 0.003125   300.00000006113  8.9080275480971e-14  0.80000000000557  0.19999999999435  
 0.0034375   300.00000001898  8.9080274959704e-14  0.80000000000557  0.19999999999435  
 0.00375   300.00000001725  8.9080274938262e-14  0.80000000000557  0.19999999999435  
 0.0040625   300.00000001718  8.9080274937449e-14  0.80000000000557  0.19999999999435  
 0.004375   300.00000001718  8.9080274937425e-14  0.80000000000557  0.19999999999435  
 0.0046875   300.00000001718  8.9080274937425e-14  0.80000000000557  0.19999999999435  
 0.005   300.00000001718  8.9080274937425e-14  0.80000000000557  0.19999999999435  
 0.0053125   300.00000001718  8.9080274937425e-14  0.80000000000557  0.19999999999435  
 0.005625   300.00000001718  8.9080274937425e-14  0.80000000000557  0.19999999999435  
 0.0059375   300.00000001718  8.9080274937425e-14  0.80000000000557  0.19999999999435  
 0.00625   300.00000001718  8.9080274937425e-14  0.80000000000557  0.19999999999435  
 0.0065625   300.00000001718  8.9080274937425e-14  0.80000000000557  0.19999999999435  
 0.006875   300.00000001718  8.9080274937425e-14  0.80000000000557  0.19999999999435  
 0.0071875   300.00000001718  8.9080274937425e-14  0.80000000000557  0.19999999999435  
 0.0075   300.00000001718  8.9080274937425e-14  0.80000000000557  0.19999999999435  
 0.0078125   300.00000001718  8.9080274937425e-14  0.80000000000557  0.19999999999435  
 0.008125   300.00000001718  8.9080274937425e-14  0.80000000000557  0.19999999999435  
 0.0084375   300.00000001718  8.9080274937425e-14  0.80000000000557  0.19999999999435  
 0.00875   300.00000001718  8.9080274937425e-14  0.80000000000557  0.19999999999435  
 0.0090625   300.00000001718  8.9080274937425e-14  0.80000000000557  0.19999999999435  
 0.009375   300.00000001718  8.9080274937425e-14  0.80000000000557  0.19999999999435  
 0.0096875   300.00000001718  8.9080274937425e-14  0.80000000000557  0.19999999999435  
 0.01   300.00000001718  8.9080274937425e-14  0.80000000000557  0.19999999999435  
 0.0103125   300.00000001718  8.9080274937425e-14  0.80000000000557  0.19999999999435  
 0.010625   300.00000001718  8.9080274937425e-14  0.80000000000557  0.19999999999435  
 0.0109375   300.00000001718  8.9080274937425e-14  0.80000000000557  0.19999999999435  
 0.01125   300.00000001718  8.9080274937425e-14  0.80000000000557  0.19999999999435  
 0.0115625   300.00000001718  8.9080274937425e-14  0.80000000000557  0.19999999999435  
 0.011875   300.00000001718  8.9080274937425e-14  0.80000000000557  0.19999999999435  
 0.0121875   300.00000001718  8.9080274937425e-14  0.80000000000557  0.19999999999435  
 0.0125   300.00000001718  8.9080274937425e-14  0.80000000000557  0.19999999999435  
 0.0128125   300.00000001718  8.9080274937425e-14  0.80000000000557  0.19999999999435  
 0.013125   300.00000001718  8.9080274937425e-14  0.80000000000557  0.19999999999435  
 0.0134375   300.00000001718  8.9080274937425e-14  0.80000000000557  0.19999999999435  
 0.01375   300.00000001718  8.9080274937425e-14  0.80000000000557  0.19999999999435  
 0.0140625   300.00000001718  8.9080274937425e-14  0.80000000000557  0.19999999999435  
 0.014375   300.00000001718  8.9080274937425e-14  0.80000000000557  0.19999999999435  
 0.0146875   300.00000001718  8.9080274937425e-14  0.80000000000557  0.19999999999435  
 0.015   300.00000001718  8.9080274937425e-14  0.80000000000557  0.19999999999435  
 0.0153125   300.00000001718  8.9080274937425e-14  0.80000000000557  0.19999999999435  
 0.015625   300.00000001718  8.9080274937425e-14  0.80000000000557  0.19999999999435  
 0.0159375   300.00000001718  8.9080274937425e-14  0.80000000000557  0.19999999999435  
 0.01625   300.00000001718  8.9080274937425e-14  0.80000000000557  0.19999999999435  
 0.0165625   300.00000001718  8.9080274937425e-14  0.80000000000557  0.19999999999435  
 0.016875   300.00000001718  8.9080274937425e-14  0.80000000000557  0.19999999999435  
 0.0171875   300.00000001718  8.9080274937425e-14  0.80000000000557  0.19999999999435  
 0.0175   300.00000001718  8.9080274937425e-14  0.80000000000557  0.19999999999435  
 0.0178125   300.00000001718  8.9080274937425e-14  0.80000000000557  0.19999999999435  
 0.018125   300.00000001718  8.9080274937425e-14  0.80000000000557  0.19999999999435  
 0.0184375   300.00000001718  8.9080274937425e-14  0.80000000000557  0.19999999999435  
 0.01875   300.00000001718  8.9080274937425e-14  0.80000000000557  0.19999999999435  
 0.0190625   300.00000001718  8.9080274937425e-14  0.80000000000557  0.19999999999435  
 0.019375   300.00000001718  8.9080274937425e-14  0.80000000000557  0.19999999999435  
 0.0196875   300.00000001718  8.9080274937425e-14  0.80000000000557  0.19999999999435  
 0.02   300  0  0.8  0.2  
