# TIME: 0.00134
#  x     Variables:...

 0   1000  0  0.8  0.2  
 0.0003125   1138.0771881768  0.0060424263826901  0.993052209235  0.00090578357310351  
 0.000625   1030.5476322848  0.0024110808604394  0.99740214909871  0.00018681435336205  
 0.0009375   791.24303818765  0.00027151390508487  0.91074698399902  0.088981446285547  
 0.00125   447.66437968812  1.2917155190507e-06  0.82185492436075  0.17814378387428  
 0.0015625   336.26378464456  5.2933446840736e-09  0.80370532918775  0.19629466551879  
 0.001875   307.79317914159  1.608014556536e-11  0.80052686217249  0.19947313781143  
 0.0021875   301.52735263667  1.5352625310945e-13  0.80006472141905  0.1999352785808  
 0.0025   300.27666590281  9.2697995657915e-14  0.80000705424505  0.19999294575486  
 0.0028125   300.0464041763  8.9658550254259e-14  0.80000069457632  0.1999993054236  
 0.003125   300.00720523982  8.9169778621099e-14  0.80000006253149  0.19999993746843  
 0.0034375   300.00103657133  8.9093145355634e-14  0.80000000520679  0.19999999479314  
 0.00375   300.00013850474  8.9081994252368e-14  0.80000000041977  0.19999999958016  
 0.0040625   300.00001728441  8.9080489280122e-14  0.80000000004908  0.19999999995085  
 0.004375   300.00000206702  8.9080300374049e-14  0.8000000000223  0.19999999997764  
 0.0046875   300.0000002841  8.9080278243991e-14  0.80000000002049  0.19999999997945  
 0.005   300.00000008844  8.9080275815666e-14  0.80000000002037  0.19999999997957  
 0.0053125   300.00000006825  8.9080275565196e-14  0.80000000002037  0.19999999997958  
 0.005625   300.00000006629  8.9080275540827e-14  0.80000000002037  0.19999999997958  
 0.0059375   300.00000006611  8.9080275538585e-14  0.80000000002037  0.19999999997958  
 0.00625   300.00000006609  8.9080275538384e-14  0.80000000002037  0.19999999997958  
 0.0065625   300.00000006609  8.9080275538383e-14  0.80000000002037  0.19999999997958  
 0.006875   300.00000006609  8.9080275538383e-14  0.80000000002037  0.19999999997958  
 0.0071875   300.00000006609  8.9080275538383e-14  0.80000000002037  0.19999999997958  
 0.0075   300.00000006609  8.9080275538383e-14  0.80000000002037  0.19999999997958  
 0.0078125   300.00000006609  8.9080275538383e-14  0.80000000002037  0.19999999997958  
 0.008125   300.00000006609  8.9080275538383e-14  0.80000000002037  0.19999999997958  
 0.0084375   300.00000006609  8.9080275538383e-14  0.80000000002037  0.19999999997958  
 0.00875   300.00000006609  8.9080275538383e-14  0.80000000002037  0.19999999997958  
 0.0090625   300.00000006609  8.9080275538383e-14  0.80000000002037  0.19999999997958  
 0.009375   300.00000006609  8.9080275538383e-14  0.80000000002037  0.19999999997958  
 0.0096875   300.00000006609  8.9080275538383e-14  0.80000000002037  0.19999999997958  
 0.01   300.00000006609  8.9080275538383e-14  0.80000000002037  0.19999999997958  
 0.0103125   300.00000006609  8.9080275538383e-14  0.80000000002037  0.19999999997958  
 0.010625   300.00000006609  8.9080275538383e-14  0.80000000002037  0.19999999997958  
 0.0109375   300.00000006609  8.9080275538383e-14  0.80000000002037  0.19999999997958  
 0.01125   300.00000006609  8.9080275538383e-14  0.80000000002037  0.19999999997958  
 0.0115625   300.00000006609  8.9080275538383e-14  0.80000000002037  0.19999999997958  
 0.011875   300.00000006609  8.9080275538383e-14  0.80000000002037  0.19999999997958  
 0.0121875   300.00000006609  8.9080275538383e-14  0.80000000002037  0.19999999997958  
 0.0125   300.00000006609  8.9080275538383e-14  0.80000000002037  0.19999999997958  
 0.0128125   300.00000006609  8.9080275538383e-14  0.80000000002037  0.19999999997958  
 0.013125   300.00000006609  8.9080275538383e-14  0.80000000002037  0.19999999997958  
 0.0134375   300.00000006609  8.9080275538383e-14  0.80000000002037  0.19999999997958  
 0.01375   300.00000006609  8.9080275538383e-14  0.80000000002037  0.19999999997958  
 0.0140625   300.00000006609  8.9080275538383e-14  0.80000000002037  0.19999999997958  
 0.014375   300.00000006609  8.9080275538383e-14  0.80000000002037  0.19999999997958  
 0.0146875   300.00000006609  8.9080275538383e-14  0.80000000002037  0.19999999997958  
 0.015   300.00000006609  8.9080275538383e-14  0.80000000002037  0.19999999997958  
 0.0153125   300.00000006609  8.9080275538383e-14  0.80000000002037  0.19999999997958  
 0.015625   300.00000006609  8.9080275538383e-14  0.80000000002037  0.19999999997958  
 0.0159375   300.00000006609  8.9080275538383e-14  0.80000000002037  0.19999999997958  
 0.01625   300.00000006609  8.9080275538383e-14  0.80000000002037  0.19999999997958  
 0.0165625   300.00000006609  8.9080275538383e-14  0.80000000002037  0.19999999997958  
 0.016875   300.00000006609  8.9080275538383e-14  0.80000000002037  0.19999999997958  
 0.0171875   300.00000006609  8.9080275538383e-14  0.80000000002037  0.19999999997958  
 0.0175   300.00000006609  8.9080275538383e-14  0.80000000002037  0.19999999997958  
 0.0178125   300.00000006609  8.9080275538383e-14  0.80000000002037  0.19999999997958  
 0.018125   300.00000006609  8.9080275538383e-14  0.80000000002037  0.19999999997958  
 0.0184375   300.00000006609  8.9080275538383e-14  0.80000000002037  0.19999999997958  
 0.01875   300.00000006609  8.9080275538383e-14  0.80000000002037  0.19999999997958  
 0.0190625   300.00000006609  8.9080275538383e-14  0.80000000002037  0.19999999997958  
 0.019375   300.00000006609  8.9080275538383e-14  0.80000000002037  0.19999999997958  
 0.0196875   300.00000006609  8.9080275538383e-14  0.80000000002037  0.19999999997958  
 0.02   300  0  0.8  0.2  
