# TIME: 0.00118
#  x     Variables:...

 0   1000  0  0.8  0.2  
 0.0003125   1130.1620924551  0.0057133868440185  0.9933269077466  0.00096005154831123  
 0.000625   1026.1667569163  0.0026722846091  0.99712203580214  0.00020568752058062  
 0.0009375   632.48021109274  2.222014872365e-05  0.86008074648444  0.13989700110789  
 0.00125   386.9623198594  1.2076380019096e-07  0.81021315202241  0.18978672720724  
 0.0015625   318.71035923198  4.3172921902502e-10  0.80135324185515  0.1986467577131  
 0.001875   303.66085759071  1.4029177679139e-12  0.80015261830366  0.19984738169494  
 0.0021875   300.66147436964  1.0117829062964e-13  0.80001523458767  0.19998476541224  
 0.0025   300.10992210234  9.0465342548441e-14  0.80000136828118  0.19999863171873  
 0.0028125   300.01675132485  8.92885392978e-14  0.80000011158894  0.19999988841098  
 0.003125   300.00234279455  8.9109367149642e-14  0.80000000834456  0.19999999165536  
 0.0034375   300.00030165578  8.9084019681921e-14  0.80000000059159  0.19999999940834  
 0.00375   300.00003594512  8.9080720896594e-14  0.80000000005475  0.19999999994518  
 0.0040625   300.00000402246  8.9080324640973e-14  0.80000000002016  0.19999999997977  
 0.004375   300.00000046646  8.9080280507372e-14  0.80000000001807  0.19999999998186  
 0.0046875   300.00000009749  8.9080275928889e-14  0.80000000001796  0.19999999998198  
 0.005   300.00000006167  8.9080275484553e-14  0.80000000001796  0.19999999998199  
 0.0053125   300.00000005841  8.9080275444043e-14  0.80000000001796  0.19999999998199  
 0.005625   300.00000005813  8.9080275440563e-14  0.80000000001796  0.19999999998199  
 0.0059375   300.0000000581  8.9080275440269e-14  0.80000000001796  0.19999999998199  
 0.00625   300.0000000581  8.9080275440268e-14  0.80000000001796  0.19999999998199  
 0.0065625   300.0000000581  8.9080275440268e-14  0.80000000001796  0.19999999998199  
 0.006875   300.0000000581  8.9080275440268e-14  0.80000000001796  0.19999999998199  
 0.0071875   300.0000000581  8.9080275440268e-14  0.80000000001796  0.19999999998199  
 0.0075   300.0000000581  8.9080275440268e-14  0.80000000001796  0.19999999998199  
 0.0078125   300.0000000581  8.9080275440268e-14  0.80000000001796  0.19999999998199  
 0.008125   300.0000000581  8.9080275440268e-14  0.80000000001796  0.19999999998199  
 0.0084375   300.0000000581  8.9080275440268e-14  0.80000000001796  0.19999999998199  
 0.00875   300.0000000581  8.9080275440268e-14  0.80000000001796  0.19999999998199  
 0.0090625   300.0000000581  8.9080275440268e-14  0.80000000001796  0.19999999998199  
 0.009375   300.0000000581  8.9080275440268e-14  0.80000000001796  0.19999999998199  
 0.0096875   300.0000000581  8.9080275440268e-14  0.80000000001796  0.19999999998199  
 0.01   300.0000000581  8.9080275440268e-14  0.80000000001796  0.19999999998199  
 0.0103125   300.0000000581  8.9080275440268e-14  0.80000000001796  0.19999999998199  
 0.010625   300.0000000581  8.9080275440268e-14  0.80000000001796  0.19999999998199  
 0.0109375   300.0000000581  8.9080275440268e-14  0.80000000001796  0.19999999998199  
 0.01125   300.0000000581  8.9080275440268e-14  0.80000000001796  0.19999999998199  
 0.0115625   300.0000000581  8.9080275440268e-14  0.80000000001796  0.19999999998199  
 0.011875   300.0000000581  8.9080275440268e-14  0.80000000001796  0.19999999998199  
 0.0121875   300.0000000581  8.9080275440268e-14  0.80000000001796  0.19999999998199  
 0.0125   300.0000000581  8.9080275440268e-14  0.80000000001796  0.19999999998199  
 0.0128125   300.0000000581  8.9080275440268e-14  0.80000000001796  0.19999999998199  
 0.013125   300.0000000581  8.9080275440268e-14  0.80000000001796  0.19999999998199  
 0.0134375   300.0000000581  8.9080275440268e-14  0.80000000001796  0.19999999998199  
 0.01375   300.0000000581  8.9080275440268e-14  0.80000000001796  0.19999999998199  
 0.0140625   300.0000000581  8.9080275440268e-14  0.80000000001796  0.19999999998199  
 0.014375   300.0000000581  8.9080275440268e-14  0.80000000001796  0.19999999998199  
 0.0146875   300.0000000581  8.9080275440268e-14  0.80000000001796  0.19999999998199  
 0.015   300.0000000581  8.9080275440268e-14  0.80000000001796  0.19999999998199  
 0.0153125   300.0000000581  8.9080275440268e-14  0.80000000001796  0.19999999998199  
 0.015625   300.0000000581  8.9080275440268e-14  0.80000000001796  0.19999999998199  
 0.0159375   300.0000000581  8.9080275440268e-14  0.80000000001796  0.19999999998199  
 0.01625   300.0000000581  8.9080275440268e-14  0.80000000001796  0.19999999998199  
 0.0165625   300.0000000581  8.9080275440268e-14  0.80000000001796  0.19999999998199  
 0.016875   300.0000000581  8.9080275440268e-14  0.80000000001796  0.19999999998199  
 0.0171875   300.0000000581  8.9080275440268e-14  0.80000000001796  0.19999999998199  
 0.0175   300.0000000581  8.9080275440268e-14  0.80000000001796  0.19999999998199  
 0.0178125   300.0000000581  8.9080275440268e-14  0.80000000001796  0.19999999998199  
 0.018125   300.0000000581  8.9080275440268e-14  0.80000000001796  0.19999999998199  
 0.0184375   300.0000000581  8.9080275440268e-14  0.80000000001796  0.19999999998199  
 0.01875   300.0000000581  8.9080275440268e-14  0.80000000001796  0.19999999998199  
 0.0190625   300.0000000581  8.9080275440268e-14  0.80000000001796  0.19999999998199  
 0.019375   300.0000000581  8.9080275440268e-14  0.80000000001796  0.19999999998199  
 0.0196875   300.0000000581  8.9080275440268e-14  0.80000000001796  0.19999999998199  
 0.02   300  0  0.8  0.2  
