# TIME: 0.00168
#  x     Variables:...

 0   1000  0  0.8  0.2  
 0.0003125   1153.2064456692  0.0065679509566774  0.99261519260557  0.00081743624908026  
 0.000625   1082.6875184016  0.0025501829731947  0.99732959266201  0.00012027628020327  
 0.0009375   978.23977528896  0.0014181872017585  0.99836990612691  0.00021190631498379  
 0.00125   670.03477569061  3.6858968926691e-05  0.88066065605339  0.11930245009606  
 0.0015625   418.41905022425  2.0165244085954e-07  0.81895226901234  0.18104752932541  
 0.001875   330.57006676333  8.2014698879111e-10  0.80365724389293  0.19634275528689  
 0.0021875   307.03193598577  2.7258218089867e-12  0.80061545428952  0.19938454570775  
 0.0025   301.4907650097  1.1660133357224e-13  0.80009267108417  0.19990732891572  
 0.0028125   300.29413740099  9.2823320123724e-14  0.80001262427201  0.19998737572791  
 0.003125   300.0542025552  8.9755476673881e-14  0.80000156773272  0.1999984322672  
 0.0034375   300.00934672614  8.9196367571695e-14  0.80000017877649  0.19999982122343  
 0.00375   300.00151054372  8.9099029333531e-14  0.8000000188693  0.19999998113063  
 0.0040625   300.00022918471  8.9083120156658e-14  0.80000000187377  0.19999999812616  
 0.004375   300.00003275297  8.908068135465e-14  0.80000000019509  0.19999999980484  
 0.0046875   300.00000447151  8.908033022857e-14  0.80000000004012  0.19999999995982  
 0.005   300.00000063953  8.9080282654915e-14  0.80000000002668  0.19999999997326  
 0.0053125   300.00000014982  8.9080276575578e-14  0.80000000002559  0.19999999997436  
 0.005625   300.00000009065  8.9080275841139e-14  0.80000000002551  0.19999999997445  
 0.0059375   300.00000008388  8.9080275757058e-14  0.80000000002551  0.19999999997445  
 0.00625   300.00000008314  8.9080275747915e-14  0.80000000002551  0.19999999997445  
 0.0065625   300.00000008307  8.9080275746965e-14  0.80000000002551  0.19999999997445  
 0.006875   300.00000008306  8.908027574688e-14  0.80000000002551  0.19999999997445  
 0.0071875   300.00000008306  8.9080275746879e-14  0.80000000002551  0.19999999997445  
 0.0075   300.00000008306  8.9080275746879e-14  0.80000000002551  0.19999999997445  
 0.0078125   300.00000008306  8.9080275746879e-14  0.80000000002551  0.19999999997445  
 0.008125   300.00000008306  8.9080275746879e-14  0.80000000002551  0.19999999997445  
 0.0084375   300.00000008306  8.9080275746879e-14  0.80000000002551  0.19999999997445  
 0.00875   300.00000008306  8.9080275746879e-14  0.80000000002551  0.19999999997445  
 0.0090625   300.00000008306  8.9080275746879e-14  0.80000000002551  0.19999999997445  
 0.009375   300.00000008306  8.9080275746879e-14  0.80000000002551  0.19999999997445  
 0.0096875   300.00000008306  8.9080275746879e-14  0.80000000002551  0.19999999997445  
 0.01   300.00000008306  8.9080275746879e-14  0.80000000002551  0.19999999997445  
 0.0103125   300.00000008306  8.9080275746879e-14  0.80000000002551  0.19999999997445  
 0.010625   300.00000008306  8.9080275746879e-14  0.80000000002551  0.19999999997445  
 0.0109375   300.00000008306  8.9080275746879e-14  0.80000000002551  0.19999999997445  
 0.01125   300.00000008306  8.9080275746879e-14  0.80000000002551  0.19999999997445  
 0.0115625   300.00000008306  8.9080275746879e-14  0.80000000002551  0.19999999997445  
 0.011875   300.00000008306  8.9080275746879e-14  0.80000000002551  0.19999999997445  
 0.0121875   300.00000008306  8.9080275746879e-14  0.80000000002551  0.19999999997445  
 0.0125   300.00000008306  8.9080275746879e-14  0.80000000002551  0.19999999997445  
 0.0128125   300.00000008306  8.9080275746879e-14  0.80000000002551  0.19999999997445  
 0.013125   300.00000008306  8.9080275746879e-14  0.80000000002551  0.19999999997445  
 0.0134375   300.00000008306  8.9080275746879e-14  0.80000000002551  0.19999999997445  
 0.01375   300.00000008306  8.9080275746879e-14  0.80000000002551  0.19999999997445  
 0.0140625   300.00000008306  8.9080275746879e-14  0.80000000002551  0.19999999997445  
 0.014375   300.00000008306  8.9080275746879e-14  0.80000000002551  0.19999999997445  
 0.0146875   300.00000008306  8.9080275746879e-14  0.80000000002551  0.19999999997445  
 0.015   300.00000008306  8.9080275746879e-14  0.80000000002551  0.19999999997445  
 0.0153125   300.00000008306  8.9080275746879e-14  0.80000000002551  0.19999999997445  
 0.015625   300.00000008306  8.9080275746879e-14  0.80000000002551  0.19999999997445  
 0.0159375   300.00000008306  8.9080275746879e-14  0.80000000002551  0.19999999997445  
 0.01625   300.00000008306  8.9080275746879e-14  0.80000000002551  0.19999999997445  
 0.0165625   300.00000008306  8.9080275746879e-14  0.80000000002551  0.19999999997445  
 0.016875   300.00000008306  8.9080275746879e-14  0.80000000002551  0.19999999997445  
 0.0171875   300.00000008306  8.9080275746879e-14  0.80000000002551  0.19999999997445  
 0.0175   300.00000008306  8.9080275746879e-14  0.80000000002551  0.19999999997445  
 0.0178125   300.00000008306  8.9080275746879e-14  0.80000000002551  0.19999999997445  
 0.018125   300.00000008306  8.9080275746879e-14  0.80000000002551  0.19999999997445  
 0.0184375   300.00000008306  8.9080275746879e-14  0.80000000002551  0.19999999997445  
 0.01875   300.00000008306  8.9080275746879e-14  0.80000000002551  0.19999999997445  
 0.0190625   300.00000008306  8.9080275746879e-14  0.80000000002551  0.19999999997445  
 0.019375   300.00000008306  8.9080275746879e-14  0.80000000002551  0.19999999997445  
 0.0196875   300.00000008306  8.9080275746879e-14  0.80000000002551  0.19999999997445  
 0.02   300  0  0.8  0.2  
