# TIME: 0.00096000000000002
#  x     Variables:...

 0   1000  0  0.8  0.2  
 0.0003125   1105.3680195161  0.0052071227969278  0.99365943689425  0.0011336899393693  
 0.000625   998.42560929423  0.0025148805722398  0.97310234744367  0.024382716939487  
 0.0009375   455.18062575331  1.0497983468725e-05  0.81739344215035  0.18259605955171  
 0.00125   333.23687930859  3.868014571407e-08  0.80189881923788  0.19810114208158  
 0.0015625   306.47816656369  1.0668588238832e-10  0.80018258159444  0.19981741829888  
 0.001875   301.13618502913  3.7616002617832e-13  0.80001496483296  0.19998503516667  
 0.0021875   300.17897343388  9.2014786839542e-14  0.80000106713115  0.19999893286876  
 0.0025   300.02534435382  8.9397260682881e-14  0.80000006800921  0.19999993199071  
 0.0028125   300.00324039463  8.9120516974252e-14  0.8000000039829  0.19999999601702  
 0.003125   300.00037643182  8.9084947234154e-14  0.80000000023129  0.19999999976863  
 0.0034375   300.00004003656  8.908077156395e-14  0.80000000002588  0.19999999997405  
 0.00375   300.00000395885  8.9080323838313e-14  0.80000000001519  0.19999999998474  
 0.0040625   300.00000040152  8.9080279701435e-14  0.80000000001465  0.19999999998528  
 0.004375   300.00000007702  8.9080275676125e-14  0.80000000001463  0.1999999999853  
 0.0046875   300.00000004948  8.9080275334608e-14  0.80000000001463  0.1999999999853  
 0.005   300.0000000473  8.9080275307521e-14  0.80000000001463  0.1999999999853  
 0.0053125   300.00000004714  8.90802753055e-14  0.80000000001463  0.1999999999853  
 0.005625   300.00000004712  8.908027530536e-14  0.80000000001463  0.1999999999853  
 0.0059375   300.00000004712  8.908027530536e-14  0.80000000001463  0.1999999999853  
 0.00625   300.00000004712  8.908027530536e-14  0.80000000001463  0.1999999999853  
 0.0065625   300.00000004712  8.908027530536e-14  0.80000000001463  0.1999999999853  
 0.006875   300.00000004712  8.908027530536e-14  0.80000000001463  0.1999999999853  
 0.0071875   300.00000004712  8.908027530536e-14  0.80000000001463  0.1999999999853  
 0.0075   300.00000004712  8.908027530536e-14  0.80000000001463  0.1999999999853  
 0.0078125   300.00000004712  8.908027530536e-14  0.80000000001463  0.1999999999853  
 0.008125   300.00000004712  8.908027530536e-14  0.80000000001463  0.1999999999853  
 0.0084375   300.00000004712  8.908027530536e-14  0.80000000001463  0.1999999999853  
 0.00875   300.00000004712  8.908027530536e-14  0.80000000001463  0.1999999999853  
 0.0090625   300.00000004712  8.908027530536e-14  0.80000000001463  0.1999999999853  
 0.009375   300.00000004712  8.908027530536e-14  0.80000000001463  0.1999999999853  
 0.0096875   300.00000004712  8.908027530536e-14  0.80000000001463  0.1999999999853  
 0.01   300.00000004712  8.908027530536e-14  0.80000000001463  0.1999999999853  
 0.0103125   300.00000004712  8.908027530536e-14  0.80000000001463  0.1999999999853  
 0.010625   300.00000004712  8.908027530536e-14  0.80000000001463  0.1999999999853  
 0.0109375   300.00000004712  8.908027530536e-14  0.80000000001463  0.1999999999853  
 0.01125   300.00000004712  8.908027530536e-14  0.80000000001463  0.1999999999853  
 0.0115625   300.00000004712  8.908027530536e-14  0.80000000001463  0.1999999999853  
 0.011875   300.00000004712  8.908027530536e-14  0.80000000001463  0.1999999999853  
 0.0121875   300.00000004712  8.908027530536e-14  0.80000000001463  0.1999999999853  
 0.0125   300.00000004712  8.908027530536e-14  0.80000000001463  0.1999999999853  
 0.0128125   300.00000004712  8.908027530536e-14  0.80000000001463  0.1999999999853  
 0.013125   300.00000004712  8.908027530536e-14  0.80000000001463  0.1999999999853  
 0.0134375   300.00000004712  8.908027530536e-14  0.80000000001463  0.1999999999853  
 0.01375   300.00000004712  8.908027530536e-14  0.80000000001463  0.1999999999853  
 0.0140625   300.00000004712  8.908027530536e-14  0.80000000001463  0.1999999999853  
 0.014375   300.00000004712  8.908027530536e-14  0.80000000001463  0.1999999999853  
 0.0146875   300.00000004712  8.908027530536e-14  0.80000000001463  0.1999999999853  
 0.015   300.00000004712  8.908027530536e-14  0.80000000001463  0.1999999999853  
 0.0153125   300.00000004712  8.908027530536e-14  0.80000000001463  0.1999999999853  
 0.015625   300.00000004712  8.908027530536e-14  0.80000000001463  0.1999999999853  
 0.0159375   300.00000004712  8.908027530536e-14  0.80000000001463  0.1999999999853  
 0.01625   300.00000004712  8.908027530536e-14  0.80000000001463  0.1999999999853  
 0.0165625   300.00000004712  8.908027530536e-14  0.80000000001463  0.1999999999853  
 0.016875   300.00000004712  8.908027530536e-14  0.80000000001463  0.1999999999853  
 0.0171875   300.00000004712  8.908027530536e-14  0.80000000001463  0.1999999999853  
 0.0175   300.00000004712  8.908027530536e-14  0.80000000001463  0.1999999999853  
 0.0178125   300.00000004712  8.908027530536e-14  0.80000000001463  0.1999999999853  
 0.018125   300.00000004712  8.908027530536e-14  0.80000000001463  0.1999999999853  
 0.0184375   300.00000004712  8.908027530536e-14  0.80000000001463  0.1999999999853  
 0.01875   300.00000004712  8.908027530536e-14  0.80000000001463  0.1999999999853  
 0.0190625   300.00000004712  8.908027530536e-14  0.80000000001463  0.1999999999853  
 0.019375   300.00000004712  8.908027530536e-14  0.80000000001463  0.1999999999853  
 0.0196875   300.00000004712  8.908027530536e-14  0.80000000001463  0.1999999999853  
 0.02   300  0  0.8  0.2  
