# TIME: 0.0018799999999999
#  x     Variables:...

 0   1000  0  0.8  0.2  
 0.0003125   1160.4665392613  0.0068412699541311  0.99238078613962  0.00077862116457283  
 0.000625   1099.4108359073  0.0027530394260865  0.99713801434803  0.00010899837999224  
 0.0009375   994.71272717431  0.0012106647136643  0.99862650060045  0.00016286173855954  
 0.00125   927.86077447682  0.0013083142561376  0.9795376000955  0.019154031204253  
 0.0015625   504.73040959191  5.6857732455113e-06  0.83895257852244  0.16104173531116  
 0.001875   358.82606682251  2.7552902194329e-08  0.80852260009898  0.19147737234763  
 0.0021875   315.02214704739  9.1788298724625e-11  0.80167965046239  0.19832034944582  
 0.0025   303.48467698919  4.0197033498519e-13  0.80029466466541  0.1997053353342  
 0.0028125   300.74779517563  9.9541033297845e-14  0.80004658041659  0.19995341958333  
 0.003125   300.14983189518  9.0959832161593e-14  0.8000067100571  0.19999328994282  
 0.0034375   300.02815515825  8.9430314085621e-14  0.80000088819767  0.19999911180226  
 0.00375   300.00497419654  8.9142034076209e-14  0.80000010876098  0.19999989123895  
 0.0040625   300.00082773832  8.9090550725097e-14  0.80000001240961  0.19999998759033  
 0.004375   300.00012999785  8.908188865277e-14  0.80000000134641  0.19999999865353  
 0.0046875   300.00001935699  8.90805150393e-14  0.80000000016024  0.1999999998397  
 0.005   300.00000279658  8.9080309434566e-14  0.80000000004092  0.19999999995903  
 0.0053125   300.00000045275  8.9080280335255e-14  0.80000000002961  0.19999999997034  
 0.005625   300.0000001385  8.908027643384e-14  0.80000000002861  0.19999999997135  
 0.0059375   300.00000009851  8.9080275937374e-14  0.80000000002853  0.19999999997143  
 0.00625   300.00000009367  8.908027587729e-14  0.80000000002853  0.19999999997144  
 0.0065625   300.00000009311  8.9080275870361e-14  0.80000000002853  0.19999999997144  
 0.006875   300.00000009305  8.9080275869596e-14  0.80000000002853  0.19999999997144  
 0.0071875   300.00000009304  8.9080275869524e-14  0.80000000002853  0.19999999997144  
 0.0075   300.00000009304  8.9080275869523e-14  0.80000000002853  0.19999999997144  
 0.0078125   300.00000009304  8.9080275869523e-14  0.80000000002853  0.19999999997144  
 0.008125   300.00000009304  8.9080275869523e-14  0.80000000002853  0.19999999997144  
 0.0084375   300.00000009304  8.9080275869523e-14  0.80000000002853  0.19999999997144  
 0.00875   300.00000009304  8.9080275869523e-14  0.80000000002853  0.19999999997144  
 0.0090625   300.00000009304  8.9080275869523e-14  0.80000000002853  0.19999999997144  
 0.009375   300.00000009304  8.9080275869523e-14  0.80000000002853  0.19999999997144  
 0.0096875   300.00000009304  8.9080275869523e-14  0.80000000002853  0.19999999997144  
 0.01   300.00000009304  8.9080275869523e-14  0.80000000002853  0.19999999997144  
 0.0103125   300.00000009304  8.9080275869523e-14  0.80000000002853  0.19999999997144  
 0.010625   300.00000009304  8.9080275869523e-14  0.80000000002853  0.19999999997144  
 0.0109375   300.00000009304  8.9080275869523e-14  0.80000000002853  0.19999999997144  
 0.01125   300.00000009304  8.9080275869523e-14  0.80000000002853  0.19999999997144  
 0.0115625   300.00000009304  8.9080275869523e-14  0.80000000002853  0.19999999997144  
 0.011875   300.00000009304  8.9080275869523e-14  0.80000000002853  0.19999999997144  
 0.0121875   300.00000009304  8.9080275869523e-14  0.80000000002853  0.19999999997144  
 0.0125   300.00000009304  8.9080275869523e-14  0.80000000002853  0.19999999997144  
 0.0128125   300.00000009304  8.9080275869523e-14  0.80000000002853  0.19999999997144  
 0.013125   300.00000009304  8.9080275869523e-14  0.80000000002853  0.19999999997144  
 0.0134375   300.00000009304  8.9080275869523e-14  0.80000000002853  0.19999999997144  
 0.01375   300.00000009304  8.9080275869523e-14  0.80000000002853  0.19999999997144  
 0.0140625   300.00000009304  8.9080275869523e-14  0.80000000002853  0.19999999997144  
 0.014375   300.00000009304  8.9080275869523e-14  0.80000000002853  0.19999999997144  
 0.0146875   300.00000009304  8.9080275869523e-14  0.80000000002853  0.19999999997144  
 0.015   300.00000009304  8.9080275869523e-14  0.80000000002853  0.19999999997144  
 0.0153125   300.00000009304  8.9080275869523e-14  0.80000000002853  0.19999999997144  
 0.015625   300.00000009304  8.9080275869523e-14  0.80000000002853  0.19999999997144  
 0.0159375   300.00000009304  8.9080275869523e-14  0.80000000002853  0.19999999997144  
 0.01625   300.00000009304  8.9080275869523e-14  0.80000000002853  0.19999999997144  
 0.0165625   300.00000009304  8.9080275869523e-14  0.80000000002853  0.19999999997144  
 0.016875   300.00000009304  8.9080275869523e-14  0.80000000002853  0.19999999997144  
 0.0171875   300.00000009304  8.9080275869523e-14  0.80000000002853  0.19999999997144  
 0.0175   300.00000009304  8.9080275869523e-14  0.80000000002853  0.19999999997144  
 0.0178125   300.00000009304  8.9080275869523e-14  0.80000000002853  0.19999999997144  
 0.018125   300.00000009304  8.9080275869523e-14  0.80000000002853  0.19999999997144  
 0.0184375   300.00000009304  8.9080275869523e-14  0.80000000002853  0.19999999997144  
 0.01875   300.00000009304  8.9080275869523e-14  0.80000000002853  0.19999999997144  
 0.0190625   300.00000009304  8.9080275869523e-14  0.80000000002853  0.19999999997144  
 0.019375   300.00000009304  8.9080275869523e-14  0.80000000002853  0.19999999997144  
 0.0196875   300.00000009304  8.9080275869523e-14  0.80000000002853  0.19999999997144  
 0.02   300  0  0.8  0.2  
