# TIME: 0.0015
#  x     Variables:...

 0   1000  0  0.8  0.2  
 0.0003125   1145.1757479526  0.0062930530312673  0.99284472559683  0.00086271529469412  
 0.000625   1059.3497532682  0.0024024317921381  0.99745381130168  0.00014380869581848  
 0.0009375   984.91667515204  0.0019827082118828  0.9977641198752  0.00025313098370678  
 0.00125   556.00275588376  9.1944395396835e-06  0.8481425315022  0.15184826338473  
 0.0015625   366.39031629672  4.9868590681436e-08  0.80873810499752  0.19126184513174  
 0.001875   315.33882429929  1.7616505548422e-10  0.80142073515665  0.19857926466718  
 0.0021875   303.25155768106  6.6036706929955e-13  0.80020630032032  0.19979369967902  
 0.0025   300.63708789189  9.8825858641477e-14  0.80002670817272  0.19997329182719  
 0.0028125   300.11591676227  9.0534706162582e-14  0.8000031106971  0.19999688930282  
 0.003125   300.01962979233  8.9324295783846e-14  0.80000032965773  0.19999967034219  
 0.0034375   300.00309760589  8.9118740109854e-14  0.80000003212044  0.19999996787948  
 0.00375   300.00045612533  8.9085937915944e-14  0.80000000291762  0.19999999708231  
 0.0040625   300.00006283764  8.9081054856383e-14  0.80000000026614  0.19999999973379  
 0.004375   300.00000816719  8.9080376106215e-14  0.80000000004194  0.19999999995799  
 0.0046875   300.00000105445  8.9080287805846e-14  0.80000000002419  0.19999999997575  
 0.005   300.00000018595  8.9080277025065e-14  0.80000000002288  0.19999999997707  
 0.0053125   300.00000008614  8.9080275786166e-14  0.80000000002279  0.19999999997716  
 0.005625   300.00000007531  8.9080275651768e-14  0.80000000002279  0.19999999997716  
 0.0059375   300.00000007419  8.9080275637968e-14  0.80000000002279  0.19999999997716  
 0.00625   300.00000007409  8.9080275636622e-14  0.80000000002279  0.19999999997716  
 0.0065625   300.00000007408  8.9080275636499e-14  0.80000000002279  0.19999999997716  
 0.006875   300.00000007408  8.9080275636499e-14  0.80000000002279  0.19999999997716  
 0.0071875   300.00000007408  8.9080275636499e-14  0.80000000002279  0.19999999997716  
 0.0075   300.00000007408  8.9080275636499e-14  0.80000000002279  0.19999999997716  
 0.0078125   300.00000007408  8.9080275636499e-14  0.80000000002279  0.19999999997716  
 0.008125   300.00000007408  8.9080275636499e-14  0.80000000002279  0.19999999997716  
 0.0084375   300.00000007408  8.9080275636499e-14  0.80000000002279  0.19999999997716  
 0.00875   300.00000007408  8.9080275636499e-14  0.80000000002279  0.19999999997716  
 0.0090625   300.00000007408  8.9080275636499e-14  0.80000000002279  0.19999999997716  
 0.009375   300.00000007408  8.9080275636499e-14  0.80000000002279  0.19999999997716  
 0.0096875   300.00000007408  8.9080275636499e-14  0.80000000002279  0.19999999997716  
 0.01   300.00000007408  8.9080275636499e-14  0.80000000002279  0.19999999997716  
 0.0103125   300.00000007408  8.9080275636499e-14  0.80000000002279  0.19999999997716  
 0.010625   300.00000007408  8.9080275636499e-14  0.80000000002279  0.19999999997716  
 0.0109375   300.00000007408  8.9080275636499e-14  0.80000000002279  0.19999999997716  
 0.01125   300.00000007408  8.9080275636499e-14  0.80000000002279  0.19999999997716  
 0.0115625   300.00000007408  8.9080275636499e-14  0.80000000002279  0.19999999997716  
 0.011875   300.00000007408  8.9080275636499e-14  0.80000000002279  0.19999999997716  
 0.0121875   300.00000007408  8.9080275636499e-14  0.80000000002279  0.19999999997716  
 0.0125   300.00000007408  8.9080275636499e-14  0.80000000002279  0.19999999997716  
 0.0128125   300.00000007408  8.9080275636499e-14  0.80000000002279  0.19999999997716  
 0.013125   300.00000007408  8.9080275636499e-14  0.80000000002279  0.19999999997716  
 0.0134375   300.00000007408  8.9080275636499e-14  0.80000000002279  0.19999999997716  
 0.01375   300.00000007408  8.9080275636499e-14  0.80000000002279  0.19999999997716  
 0.0140625   300.00000007408  8.9080275636499e-14  0.80000000002279  0.19999999997716  
 0.014375   300.00000007408  8.9080275636499e-14  0.80000000002279  0.19999999997716  
 0.0146875   300.00000007408  8.9080275636499e-14  0.80000000002279  0.19999999997716  
 0.015   300.00000007408  8.9080275636499e-14  0.80000000002279  0.19999999997716  
 0.0153125   300.00000007408  8.9080275636499e-14  0.80000000002279  0.19999999997716  
 0.015625   300.00000007408  8.9080275636499e-14  0.80000000002279  0.19999999997716  
 0.0159375   300.00000007408  8.9080275636499e-14  0.80000000002279  0.19999999997716  
 0.01625   300.00000007408  8.9080275636499e-14  0.80000000002279  0.19999999997716  
 0.0165625   300.00000007408  8.9080275636499e-14  0.80000000002279  0.19999999997716  
 0.016875   300.00000007408  8.9080275636499e-14  0.80000000002279  0.19999999997716  
 0.0171875   300.00000007408  8.9080275636499e-14  0.80000000002279  0.19999999997716  
 0.0175   300.00000007408  8.9080275636499e-14  0.80000000002279  0.19999999997716  
 0.0178125   300.00000007408  8.9080275636499e-14  0.80000000002279  0.19999999997716  
 0.018125   300.00000007408  8.9080275636499e-14  0.80000000002279  0.19999999997716  
 0.0184375   300.00000007408  8.9080275636499e-14  0.80000000002279  0.19999999997716  
 0.01875   300.00000007408  8.9080275636499e-14  0.80000000002279  0.19999999997716  
 0.0190625   300.00000007408  8.9080275636499e-14  0.80000000002279  0.19999999997716  
 0.019375   300.00000007408  8.9080275636499e-14  0.80000000002279  0.19999999997716  
 0.0196875   300.00000007408  8.9080275636499e-14  0.80000000002279  0.19999999997716  
 0.02   300  0  0.8  0.2  
