# TIME: 0.00050000000000001
#  x     Variables:...

 0   1000  0  0.8  0.2  
 0.0003125   666.34604584401  3.1798995840962e-05  0.80580081714709  0.194167383874  
 0.000625   401.3502015209  1.6358199418993e-07  0.80032561891754  0.1996742174963  
 0.0009375   319.4260939305  5.789090315285e-10  0.80001673159394  0.19998326782713  
 0.00125   302.8534440187  1.7723609783673e-12  0.80000079218996  0.19999920780826  
 0.0015625   300.34083376332  9.7903415657417e-14  0.80000003465922  0.19999996534068  
 0.001875   300.03431620914  8.9519471424609e-14  0.80000000141491  0.199999998585  
 0.0021875   300.00298557549  8.9117347595287e-14  0.80000000006102  0.1999999999389  
 0.0025   300.00022868921  8.9083110077284e-14  0.80000000000958  0.19999999999034  
 0.0028125   300.00001566753  8.9080468881926e-14  0.80000000000775  0.19999999999217  
 0.003125   300.00000099126  8.9080287002802e-14  0.80000000000769  0.19999999999223  
 0.0034375   300.00000007871  8.9080275698641e-14  0.80000000000769  0.19999999999224  
 0.00375   300.000000027  8.9080275058287e-14  0.80000000000769  0.19999999999224  
 0.0040625   300.0000000243  8.9080275024953e-14  0.80000000000769  0.19999999999224  
 0.004375   300.00000002417  8.9080275023345e-14  0.80000000000769  0.19999999999224  
 0.0046875   300.00000002417  8.9080275023277e-14  0.80000000000769  0.19999999999224  
 0.005   300.00000002417  8.9080275023277e-14  0.80000000000769  0.19999999999224  
 0.0053125   300.00000002417  8.9080275023277e-14  0.80000000000769  0.19999999999224  
 0.005625   300.00000002417  8.9080275023277e-14  0.80000000000769  0.19999999999224  
 0.0059375   300.00000002417  8.9080275023277e-14  0.80000000000769  0.19999999999224  
 0.00625   300.00000002417  8.9080275023277e-14  0.80000000000769  0.19999999999224  
 0.0065625   300.00000002417  8.9080275023277e-14  0.80000000000769  0.19999999999224  
 0.006875   300.00000002417  8.9080275023277e-14  0.80000000000769  0.19999999999224  
 0.0071875   300.00000002417  8.9080275023277e-14  0.80000000000769  0.19999999999224  
 0.0075   300.00000002417  8.9080275023277e-14  0.80000000000769  0.19999999999224  
 0.0078125   300.00000002417  8.9080275023277e-14  0.80000000000769  0.19999999999224  
 0.008125   300.00000002417  8.9080275023277e-14  0.80000000000769  0.19999999999224  
 0.0084375   300.00000002417  8.9080275023277e-14  0.80000000000769  0.19999999999224  
 0.00875   300.00000002417  8.9080275023277e-14  0.80000000000769  0.19999999999224  
 0.0090625   300.00000002417  8.9080275023277e-14  0.80000000000769  0.19999999999224  
 0.009375   300.00000002417  8.9080275023277e-14  0.80000000000769  0.19999999999224  
 0.0096875   300.00000002417  8.9080275023277e-14  0.80000000000769  0.19999999999224  
 0.01   300.00000002417  8.9080275023277e-14  0.80000000000769  0.19999999999224  
 0.0103125   300.00000002417  8.9080275023277e-14  0.80000000000769  0.19999999999224  
 0.010625   300.00000002417  8.9080275023277e-14  0.80000000000769  0.19999999999224  
 0.0109375   300.00000002417  8.9080275023277e-14  0.80000000000769  0.19999999999224  
 0.01125   300.00000002417  8.9080275023277e-14  0.80000000000769  0.19999999999224  
 0.0115625   300.00000002417  8.9080275023277e-14  0.80000000000769  0.19999999999224  
 0.011875   300.00000002417  8.9080275023277e-14  0.80000000000769  0.19999999999224  
 0.0121875   300.00000002417  8.9080275023277e-14  0.80000000000769  0.19999999999224  
 0.0125   300.00000002417  8.9080275023277e-14  0.80000000000769  0.19999999999224  
 0.0128125   300.00000002417  8.9080275023277e-14  0.80000000000769  0.19999999999224  
 0.013125   300.00000002417  8.9080275023277e-14  0.80000000000769  0.19999999999224  
 0.0134375   300.00000002417  8.9080275023277e-14  0.80000000000769  0.19999999999224  
 0.01375   300.00000002417  8.9080275023277e-14  0.80000000000769  0.19999999999224  
 0.0140625   300.00000002417  8.9080275023277e-14  0.80000000000769  0.19999999999224  
 0.014375   300.00000002417  8.9080275023277e-14  0.80000000000769  0.19999999999224  
 0.0146875   300.00000002417  8.9080275023277e-14  0.80000000000769  0.19999999999224  
 0.015   300.00000002417  8.9080275023277e-14  0.80000000000769  0.19999999999224  
 0.0153125   300.00000002417  8.9080275023277e-14  0.80000000000769  0.19999999999224  
 0.015625   300.00000002417  8.9080275023277e-14  0.80000000000769  0.19999999999224  
 0.0159375   300.00000002417  8.9080275023277e-14  0.80000000000769  0.19999999999224  
 0.01625   300.00000002417  8.9080275023277e-14  0.80000000000769  0.19999999999224  
 0.0165625   300.00000002417  8.9080275023277e-14  0.80000000000769  0.19999999999224  
 0.016875   300.00000002417  8.9080275023277e-14  0.80000000000769  0.19999999999224  
 0.0171875   300.00000002417  8.9080275023277e-14  0.80000000000769  0.19999999999224  
 0.0175   300.00000002417  8.9080275023277e-14  0.80000000000769  0.19999999999224  
 0.0178125   300.00000002417  8.9080275023277e-14  0.80000000000769  0.19999999999224  
 0.018125   300.00000002417  8.9080275023277e-14  0.80000000000769  0.19999999999224  
 0.0184375   300.00000002417  8.9080275023277e-14  0.80000000000769  0.19999999999224  
 0.01875   300.00000002417  8.9080275023277e-14  0.80000000000769  0.19999999999224  
 0.0190625   300.00000002417  8.9080275023277e-14  0.80000000000769  0.19999999999224  
 0.019375   300.00000002417  8.9080275023277e-14  0.80000000000769  0.19999999999224  
 0.0196875   300.00000002417  8.9080275023277e-14  0.80000000000769  0.19999999999224  
 0.02   300  0  0.8  0.2  
