# TIME: 0.00234
#  x     Variables:...

 0   1000  0  0.8  0.2  
 0.0003125   1172.8941549707  0.007318580169807  0.99196445932472  0.00071786791159461  
 0.000625   1132.1506314814  0.0032073626171868  0.99670127209533  9.1417957664722e-05  
 0.0009375   1055.6461628084  0.0013626956352844  0.99854457164392  9.276028482408e-05  
 0.00125   956.51383613657  0.00074879522886911  0.99907453758698  0.00017668362771838  
 0.0015625   839.02042123548  0.00049542316442906  0.95035114766558  0.049153382675973  
 0.001875   498.66538594526  2.3207522939078e-06  0.83994186380666  0.1600558153102  
 0.0021875   363.23883238102  1.1537814308689e-08  0.81014223799129  0.18985775047063  
 0.0025   317.79654429295  4.0493925356943e-11  0.80231628801014  0.19768371194937  
 0.0028125   304.56851653467  2.8176618673906e-13  0.80047855041321  0.19952144958652  
 0.003125   301.08874775554  1.039313465881e-13  0.80009039630904  0.19990960369087  
 0.0034375   300.24295691337  9.2142993115474e-14  0.80001572838804  0.19998427161188  
 0.00375   300.05102134187  8.9715210688218e-14  0.80000253496616  0.19999746503377  
 0.0040625   300.01011868006  8.920589409649e-14  0.8000003803384  0.19999961966153  
 0.004375   300.00190033127  8.9103860286439e-14  0.80000005338447  0.19999994661547  
 0.0046875   300.00033875122  8.9084479495148e-14  0.80000000706198  0.19999999293796  
 0.005   300.00005748493  8.9080988336097e-14  0.80000000090759  0.19999999909235  
 0.0053125   300.0000093696  8.9080391036188e-14  0.8000000001378  0.19999999986215  
 0.005625   300.00000153917  8.9080293821165e-14  0.80000000004683  0.19999999995312  
 0.0059375   300.00000032498  8.9080278746314e-14  0.80000000003665  0.19999999996331  
 0.00625   300.00000014534  8.9080276515889e-14  0.80000000003558  0.19999999996439  
 0.0065625   300.00000011994  8.9080276200565e-14  0.80000000003547  0.1999999999645  
 0.006875   300.00000011651  8.9080276157903e-14  0.80000000003547  0.1999999999645  
 0.0071875   300.00000011606  8.908027615237e-14  0.80000000003547  0.1999999999645  
 0.0075   300.000000116  8.9080276151683e-14  0.80000000003547  0.1999999999645  
 0.0078125   300.000000116  8.9080276151606e-14  0.80000000003547  0.1999999999645  
 0.008125   300.000000116  8.9080276151606e-14  0.80000000003547  0.1999999999645  
 0.0084375   300.000000116  8.9080276151606e-14  0.80000000003547  0.1999999999645  
 0.00875   300.000000116  8.9080276151606e-14  0.80000000003547  0.1999999999645  
 0.0090625   300.000000116  8.9080276151606e-14  0.80000000003547  0.1999999999645  
 0.009375   300.000000116  8.9080276151606e-14  0.80000000003547  0.1999999999645  
 0.0096875   300.000000116  8.9080276151606e-14  0.80000000003547  0.1999999999645  
 0.01   300.000000116  8.9080276151606e-14  0.80000000003547  0.1999999999645  
 0.0103125   300.000000116  8.9080276151606e-14  0.80000000003547  0.1999999999645  
 0.010625   300.000000116  8.9080276151606e-14  0.80000000003547  0.1999999999645  
 0.0109375   300.000000116  8.9080276151606e-14  0.80000000003547  0.1999999999645  
 0.01125   300.000000116  8.9080276151606e-14  0.80000000003547  0.1999999999645  
 0.0115625   300.000000116  8.9080276151606e-14  0.80000000003547  0.1999999999645  
 0.011875   300.000000116  8.9080276151606e-14  0.80000000003547  0.1999999999645  
 0.0121875   300.000000116  8.9080276151606e-14  0.80000000003547  0.1999999999645  
 0.0125   300.000000116  8.9080276151606e-14  0.80000000003547  0.1999999999645  
 0.0128125   300.000000116  8.9080276151606e-14  0.80000000003547  0.1999999999645  
 0.013125   300.000000116  8.9080276151606e-14  0.80000000003547  0.1999999999645  
 0.0134375   300.000000116  8.9080276151606e-14  0.80000000003547  0.1999999999645  
 0.01375   300.000000116  8.9080276151606e-14  0.80000000003547  0.1999999999645  
 0.0140625   300.000000116  8.9080276151606e-14  0.80000000003547  0.1999999999645  
 0.014375   300.000000116  8.9080276151606e-14  0.80000000003547  0.1999999999645  
 0.0146875   300.000000116  8.9080276151606e-14  0.80000000003547  0.1999999999645  
 0.015   300.000000116  8.9080276151606e-14  0.80000000003547  0.1999999999645  
 0.0153125   300.000000116  8.9080276151606e-14  0.80000000003547  0.1999999999645  
 0.015625   300.000000116  8.9080276151606e-14  0.80000000003547  0.1999999999645  
 0.0159375   300.000000116  8.9080276151606e-14  0.80000000003547  0.1999999999645  
 0.01625   300.000000116  8.9080276151606e-14  0.80000000003547  0.1999999999645  
 0.0165625   300.000000116  8.9080276151606e-14  0.80000000003547  0.1999999999645  
 0.016875   300.000000116  8.9080276151606e-14  0.80000000003547  0.1999999999645  
 0.0171875   300.000000116  8.9080276151606e-14  0.80000000003547  0.1999999999645  
 0.0175   300.000000116  8.9080276151606e-14  0.80000000003547  0.1999999999645  
 0.0178125   300.000000116  8.9080276151606e-14  0.80000000003547  0.1999999999645  
 0.018125   300.000000116  8.9080276151606e-14  0.80000000003547  0.1999999999645  
 0.0184375   300.000000116  8.9080276151606e-14  0.80000000003547  0.1999999999645  
 0.01875   300.000000116  8.9080276151606e-14  0.80000000003547  0.1999999999645  
 0.0190625   300.000000116  8.9080276151606e-14  0.80000000003547  0.1999999999645  
 0.019375   300.000000116  8.9080276151606e-14  0.80000000003547  0.1999999999645  
 0.0196875   300.000000116  8.9080276151606e-14  0.80000000003547  0.1999999999645  
 0.02   300  0  0.8  0.2  
