# TIME: 0.0016
#  x     Variables:...

 0   1000  0  0.8  0.2  
 0.0003125   1149.7894670396  0.0064472022545267  0.99271692179457  0.00083641735770092  
 0.000625   1073.8576175407  0.0024757568175121  0.99739635199459  0.00012794303122281  
 0.0009375   978.74372642198  0.0016079233164551  0.99816448075845  0.0002275789170642  
 0.00125   620.17394504348  1.5770976637983e-05  0.86566516025433  0.13431904442282  
 0.0015625   393.37348285315  8.7653608995446e-08  0.81386891095981  0.18613100138192  
 0.001875   322.76978094351  3.3081219763469e-10  0.80246289978925  0.19753709987992  
 0.0021875   305.03998343349  1.1610453130484e-12  0.80038762358411  0.19961237641473  
 0.0025   301.03234775731  1.055995411779e-13  0.80005475152919  0.19994524847071  
 0.0028125   300.19672189371  9.1562259088607e-14  0.80000698571741  0.19999301428251  
 0.003125   300.03496404903  8.9515304436092e-14  0.80000081138586  0.19999918861406  
 0.0034375   300.00580553198  8.9152373367319e-14  0.80000008652489  0.19999991347504  
 0.00375   300.0009018431  8.9091471932728e-14  0.80000000855429  0.19999999144564  
 0.0040625   300.00013131954  8.9081905115619e-14  0.80000000080746  0.19999999919248  
 0.004375   300.00001800942  8.9080498303162e-14  0.8000000000916  0.19999999990834  
 0.0046875   300.00000238378  8.9080304308858e-14  0.80000000002972  0.19999999997022  
 0.005   300.00000035845  8.9080279165776e-14  0.8000000000247  0.19999999997525  
 0.0053125   300.00000011108  8.9080276095225e-14  0.80000000002432  0.19999999997563  
 0.005625   300.00000008254  8.9080275740971e-14  0.8000000000243  0.19999999997566  
 0.0059375   300.00000007942  8.9080275702261e-14  0.8000000000243  0.19999999997566  
 0.00625   300.0000000791  8.9080275698245e-14  0.8000000000243  0.19999999997566  
 0.0065625   300.00000007907  8.9080275697845e-14  0.8000000000243  0.19999999997566  
 0.006875   300.00000007907  8.9080275697821e-14  0.8000000000243  0.19999999997566  
 0.0071875   300.00000007907  8.9080275697821e-14  0.8000000000243  0.19999999997566  
 0.0075   300.00000007907  8.9080275697821e-14  0.8000000000243  0.19999999997566  
 0.0078125   300.00000007907  8.9080275697821e-14  0.8000000000243  0.19999999997566  
 0.008125   300.00000007907  8.9080275697821e-14  0.8000000000243  0.19999999997566  
 0.0084375   300.00000007907  8.9080275697821e-14  0.8000000000243  0.19999999997566  
 0.00875   300.00000007907  8.9080275697821e-14  0.8000000000243  0.19999999997566  
 0.0090625   300.00000007907  8.9080275697821e-14  0.8000000000243  0.19999999997566  
 0.009375   300.00000007907  8.9080275697821e-14  0.8000000000243  0.19999999997566  
 0.0096875   300.00000007907  8.9080275697821e-14  0.8000000000243  0.19999999997566  
 0.01   300.00000007907  8.9080275697821e-14  0.8000000000243  0.19999999997566  
 0.0103125   300.00000007907  8.9080275697821e-14  0.8000000000243  0.19999999997566  
 0.010625   300.00000007907  8.9080275697821e-14  0.8000000000243  0.19999999997566  
 0.0109375   300.00000007907  8.9080275697821e-14  0.8000000000243  0.19999999997566  
 0.01125   300.00000007907  8.9080275697821e-14  0.8000000000243  0.19999999997566  
 0.0115625   300.00000007907  8.9080275697821e-14  0.8000000000243  0.19999999997566  
 0.011875   300.00000007907  8.9080275697821e-14  0.8000000000243  0.19999999997566  
 0.0121875   300.00000007907  8.9080275697821e-14  0.8000000000243  0.19999999997566  
 0.0125   300.00000007907  8.9080275697821e-14  0.8000000000243  0.19999999997566  
 0.0128125   300.00000007907  8.9080275697821e-14  0.8000000000243  0.19999999997566  
 0.013125   300.00000007907  8.9080275697821e-14  0.8000000000243  0.19999999997566  
 0.0134375   300.00000007907  8.9080275697821e-14  0.8000000000243  0.19999999997566  
 0.01375   300.00000007907  8.9080275697821e-14  0.8000000000243  0.19999999997566  
 0.0140625   300.00000007907  8.9080275697821e-14  0.8000000000243  0.19999999997566  
 0.014375   300.00000007907  8.9080275697821e-14  0.8000000000243  0.19999999997566  
 0.0146875   300.00000007907  8.9080275697821e-14  0.8000000000243  0.19999999997566  
 0.015   300.00000007907  8.9080275697821e-14  0.8000000000243  0.19999999997566  
 0.0153125   300.00000007907  8.9080275697821e-14  0.8000000000243  0.19999999997566  
 0.015625   300.00000007907  8.9080275697821e-14  0.8000000000243  0.19999999997566  
 0.0159375   300.00000007907  8.9080275697821e-14  0.8000000000243  0.19999999997566  
 0.01625   300.00000007907  8.9080275697821e-14  0.8000000000243  0.19999999997566  
 0.0165625   300.00000007907  8.9080275697821e-14  0.8000000000243  0.19999999997566  
 0.016875   300.00000007907  8.9080275697821e-14  0.8000000000243  0.19999999997566  
 0.0171875   300.00000007907  8.9080275697821e-14  0.8000000000243  0.19999999997566  
 0.0175   300.00000007907  8.9080275697821e-14  0.8000000000243  0.19999999997566  
 0.0178125   300.00000007907  8.9080275697821e-14  0.8000000000243  0.19999999997566  
 0.018125   300.00000007907  8.9080275697821e-14  0.8000000000243  0.19999999997566  
 0.0184375   300.00000007907  8.9080275697821e-14  0.8000000000243  0.19999999997566  
 0.01875   300.00000007907  8.9080275697821e-14  0.8000000000243  0.19999999997566  
 0.0190625   300.00000007907  8.9080275697821e-14  0.8000000000243  0.19999999997566  
 0.019375   300.00000007907  8.9080275697821e-14  0.8000000000243  0.19999999997566  
 0.0196875   300.00000007907  8.9080275697821e-14  0.8000000000243  0.19999999997566  
 0.02   300  0  0.8  0.2  
