# TIME: 0.00148
#  x     Variables:...

 0   1000  0  0.8  0.2  
 0.0003125   1144.2319116132  0.0062623412654285  0.99286994533681  0.00086819789586597  
 0.000625   1055.7953224329  0.0023924214149262  0.9974592635283  0.00014836684027713  
 0.0009375   987.01931646101  0.0020792425302758  0.99762806261246  0.00029264871995526  
 0.00125   542.08691102955  9.2170491398733e-06  0.84454074911005  0.155450025922  
 0.0015625   361.66291113678  4.9292001024077e-08  0.80788441703104  0.19211553367517  
 0.001875   314.13399551624  1.7206447081e-10  0.80126433182105  0.19873566800688  
 0.0021875   302.97011842126  6.4271291532451e-13  0.80018051035382  0.19981948964554  
 0.0025   300.57652862989  9.797741635355e-14  0.8000229239856  0.19997707601431  
 0.0028125   300.10388897041  9.0383127077752e-14  0.80000261791584  0.19999738208408  
 0.003125   300.01741536453  8.9296742068589e-14  0.80000027211246  0.19999972788746  
 0.0034375   300.00271879658  8.9114035690685e-14  0.80000002601872  0.19999997398121  
 0.00375   300.00039584311  8.9085189439635e-14  0.8000000023237  0.19999999767623  
 0.0040625   300.00005390076  8.9080943897027e-14  0.8000000002124  0.19999999978753  
 0.004375   300.00000692985  8.908036074429e-14  0.80000000003716  0.19999999996277  
 0.0046875   300.00000089339  8.9080285806562e-14  0.80000000002354  0.1999999999764  
 0.005   300.00000016551  8.9080276771444e-14  0.80000000002255  0.1999999999774  
 0.0053125   300.00000008291  8.9080275746313e-14  0.80000000002249  0.19999999997746  
 0.005625   300.00000007407  8.9080275636529e-14  0.80000000002249  0.19999999997747  
 0.0059375   300.00000007317  8.90802756254e-14  0.80000000002249  0.19999999997747  
 0.00625   300.00000007308  8.9080275624328e-14  0.80000000002249  0.19999999997747  
 0.0065625   300.00000007308  8.9080275624235e-14  0.80000000002249  0.19999999997747  
 0.006875   300.00000007308  8.9080275624235e-14  0.80000000002249  0.19999999997747  
 0.0071875   300.00000007308  8.9080275624235e-14  0.80000000002249  0.19999999997747  
 0.0075   300.00000007308  8.9080275624235e-14  0.80000000002249  0.19999999997747  
 0.0078125   300.00000007308  8.9080275624235e-14  0.80000000002249  0.19999999997747  
 0.008125   300.00000007308  8.9080275624235e-14  0.80000000002249  0.19999999997747  
 0.0084375   300.00000007308  8.9080275624235e-14  0.80000000002249  0.19999999997747  
 0.00875   300.00000007308  8.9080275624235e-14  0.80000000002249  0.19999999997747  
 0.0090625   300.00000007308  8.9080275624235e-14  0.80000000002249  0.19999999997747  
 0.009375   300.00000007308  8.9080275624235e-14  0.80000000002249  0.19999999997747  
 0.0096875   300.00000007308  8.9080275624235e-14  0.80000000002249  0.19999999997747  
 0.01   300.00000007308  8.9080275624235e-14  0.80000000002249  0.19999999997747  
 0.0103125   300.00000007308  8.9080275624235e-14  0.80000000002249  0.19999999997747  
 0.010625   300.00000007308  8.9080275624235e-14  0.80000000002249  0.19999999997747  
 0.0109375   300.00000007308  8.9080275624235e-14  0.80000000002249  0.19999999997747  
 0.01125   300.00000007308  8.9080275624235e-14  0.80000000002249  0.19999999997747  
 0.0115625   300.00000007308  8.9080275624235e-14  0.80000000002249  0.19999999997747  
 0.011875   300.00000007308  8.9080275624235e-14  0.80000000002249  0.19999999997747  
 0.0121875   300.00000007308  8.9080275624235e-14  0.80000000002249  0.19999999997747  
 0.0125   300.00000007308  8.9080275624235e-14  0.80000000002249  0.19999999997747  
 0.0128125   300.00000007308  8.9080275624235e-14  0.80000000002249  0.19999999997747  
 0.013125   300.00000007308  8.9080275624235e-14  0.80000000002249  0.19999999997747  
 0.0134375   300.00000007308  8.9080275624235e-14  0.80000000002249  0.19999999997747  
 0.01375   300.00000007308  8.9080275624235e-14  0.80000000002249  0.19999999997747  
 0.0140625   300.00000007308  8.9080275624235e-14  0.80000000002249  0.19999999997747  
 0.014375   300.00000007308  8.9080275624235e-14  0.80000000002249  0.19999999997747  
 0.0146875   300.00000007308  8.9080275624235e-14  0.80000000002249  0.19999999997747  
 0.015   300.00000007308  8.9080275624235e-14  0.80000000002249  0.19999999997747  
 0.0153125   300.00000007308  8.9080275624235e-14  0.80000000002249  0.19999999997747  
 0.015625   300.00000007308  8.9080275624235e-14  0.80000000002249  0.19999999997747  
 0.0159375   300.00000007308  8.9080275624235e-14  0.80000000002249  0.19999999997747  
 0.01625   300.00000007308  8.9080275624235e-14  0.80000000002249  0.19999999997747  
 0.0165625   300.00000007308  8.9080275624235e-14  0.80000000002249  0.19999999997747  
 0.016875   300.00000007308  8.9080275624235e-14  0.80000000002249  0.19999999997747  
 0.0171875   300.00000007308  8.9080275624235e-14  0.80000000002249  0.19999999997747  
 0.0175   300.00000007308  8.9080275624235e-14  0.80000000002249  0.19999999997747  
 0.0178125   300.00000007308  8.9080275624235e-14  0.80000000002249  0.19999999997747  
 0.018125   300.00000007308  8.9080275624235e-14  0.80000000002249  0.19999999997747  
 0.0184375   300.00000007308  8.9080275624235e-14  0.80000000002249  0.19999999997747  
 0.01875   300.00000007308  8.9080275624235e-14  0.80000000002249  0.19999999997747  
 0.0190625   300.00000007308  8.9080275624235e-14  0.80000000002249  0.19999999997747  
 0.019375   300.00000007308  8.9080275624235e-14  0.80000000002249  0.19999999997747  
 0.0196875   300.00000007308  8.9080275624235e-14  0.80000000002249  0.19999999997747  
 0.02   300  0  0.8  0.2  
