# TIME: 0.0004
#  x     Variables:...

 0   1000  0  0.8  0.2  
 0.0003125   600.81570952815  6.7776990956955e-06  0.80086342929001  0.19912979301356  
 0.000625   369.28766173097  3.3943651353167e-08  0.80003947051388  0.19996049554182  
 0.0009375   310.79585167997  1.0752558986318e-10  0.80000162625997  0.1999983736325  
 0.00125   301.28320206972  4.0233793810177e-13  0.80000006136942  0.19999993863018  
 0.0015625   300.12373652433  9.1432973878531e-14  0.80000000214324  0.19999999785667  
 0.001875   300.01004256149  8.9207090866828e-14  0.80000000007537  0.19999999992455  
 0.0021875   300.00070375722  8.9089003303905e-14  0.80000000000827  0.19999999999165  
 0.0025   300.00004341686  8.9080812546794e-14  0.80000000000623  0.19999999999368  
 0.0028125   300.00000240934  8.9080304553338e-14  0.80000000000618  0.19999999999374  
 0.003125   300.00000013814  8.9080276434025e-14  0.80000000000618  0.19999999999374  
 0.0034375   300.00000002458  8.9080275028772e-14  0.80000000000618  0.19999999999374  
 0.00375   300.0000000194  8.9080274964739e-14  0.80000000000618  0.19999999999374  
 0.0040625   300.00000001918  8.9080274962057e-14  0.80000000000618  0.19999999999374  
 0.004375   300.00000001918  8.9080274961955e-14  0.80000000000618  0.19999999999374  
 0.0046875   300.00000001918  8.9080274961954e-14  0.80000000000618  0.19999999999374  
 0.005   300.00000001918  8.9080274961954e-14  0.80000000000618  0.19999999999374  
 0.0053125   300.00000001918  8.9080274961954e-14  0.80000000000618  0.19999999999374  
 0.005625   300.00000001918  8.9080274961954e-14  0.80000000000618  0.19999999999374  
 0.0059375   300.00000001918  8.9080274961954e-14  0.80000000000618  0.19999999999374  
 0.00625   300.00000001918  8.9080274961954e-14  0.80000000000618  0.19999999999374  
 0.0065625   300.00000001918  8.9080274961954e-14  0.80000000000618  0.19999999999374  
 0.006875   300.00000001918  8.9080274961954e-14  0.80000000000618  0.19999999999374  
 0.0071875   300.00000001918  8.9080274961954e-14  0.80000000000618  0.19999999999374  
 0.0075   300.00000001918  8.9080274961954e-14  0.80000000000618  0.19999999999374  
 0.0078125   300.00000001918  8.9080274961954e-14  0.80000000000618  0.19999999999374  
 0.008125   300.00000001918  8.9080274961954e-14  0.80000000000618  0.19999999999374  
 0.0084375   300.00000001918  8.9080274961954e-14  0.80000000000618  0.19999999999374  
 0.00875   300.00000001918  8.9080274961954e-14  0.80000000000618  0.19999999999374  
 0.0090625   300.00000001918  8.9080274961954e-14  0.80000000000618  0.19999999999374  
 0.009375   300.00000001918  8.9080274961954e-14  0.80000000000618  0.19999999999374  
 0.0096875   300.00000001918  8.9080274961954e-14  0.80000000000618  0.19999999999374  
 0.01   300.00000001918  8.9080274961954e-14  0.80000000000618  0.19999999999374  
 0.0103125   300.00000001918  8.9080274961954e-14  0.80000000000618  0.19999999999374  
 0.010625   300.00000001918  8.9080274961954e-14  0.80000000000618  0.19999999999374  
 0.0109375   300.00000001918  8.9080274961954e-14  0.80000000000618  0.19999999999374  
 0.01125   300.00000001918  8.9080274961954e-14  0.80000000000618  0.19999999999374  
 0.0115625   300.00000001918  8.9080274961954e-14  0.80000000000618  0.19999999999374  
 0.011875   300.00000001918  8.9080274961954e-14  0.80000000000618  0.19999999999374  
 0.0121875   300.00000001918  8.9080274961954e-14  0.80000000000618  0.19999999999374  
 0.0125   300.00000001918  8.9080274961954e-14  0.80000000000618  0.19999999999374  
 0.0128125   300.00000001918  8.9080274961954e-14  0.80000000000618  0.19999999999374  
 0.013125   300.00000001918  8.9080274961954e-14  0.80000000000618  0.19999999999374  
 0.0134375   300.00000001918  8.9080274961954e-14  0.80000000000618  0.19999999999374  
 0.01375   300.00000001918  8.9080274961954e-14  0.80000000000618  0.19999999999374  
 0.0140625   300.00000001918  8.9080274961954e-14  0.80000000000618  0.19999999999374  
 0.014375   300.00000001918  8.9080274961954e-14  0.80000000000618  0.19999999999374  
 0.0146875   300.00000001918  8.9080274961954e-14  0.80000000000618  0.19999999999374  
 0.015   300.00000001918  8.9080274961954e-14  0.80000000000618  0.19999999999374  
 0.0153125   300.00000001918  8.9080274961954e-14  0.80000000000618  0.19999999999374  
 0.015625   300.00000001918  8.9080274961954e-14  0.80000000000618  0.19999999999374  
 0.0159375   300.00000001918  8.9080274961954e-14  0.80000000000618  0.19999999999374  
 0.01625   300.00000001918  8.9080274961954e-14  0.80000000000618  0.19999999999374  
 0.0165625   300.00000001918  8.9080274961954e-14  0.80000000000618  0.19999999999374  
 0.016875   300.00000001918  8.9080274961954e-14  0.80000000000618  0.19999999999374  
 0.0171875   300.00000001918  8.9080274961954e-14  0.80000000000618  0.19999999999374  
 0.0175   300.00000001918  8.9080274961954e-14  0.80000000000618  0.19999999999374  
 0.0178125   300.00000001918  8.9080274961954e-14  0.80000000000618  0.19999999999374  
 0.018125   300.00000001918  8.9080274961954e-14  0.80000000000618  0.19999999999374  
 0.0184375   300.00000001918  8.9080274961954e-14  0.80000000000618  0.19999999999374  
 0.01875   300.00000001918  8.9080274961954e-14  0.80000000000618  0.19999999999374  
 0.0190625   300.00000001918  8.9080274961954e-14  0.80000000000618  0.19999999999374  
 0.019375   300.00000001918  8.9080274961954e-14  0.80000000000618  0.19999999999374  
 0.0196875   300.00000001918  8.9080274961954e-14  0.80000000000618  0.19999999999374  
 0.02   300  0  0.8  0.2  
