# TIME: 0.0029200000000001
#  x     Variables:...

 0   1000  0  0.8  0.2  
 0.0003125   1183.5318839514  0.0077358100986079  0.99159444144159  0.00067095457214291  
 0.000625   1160.4673121905  0.0036710564860635  0.99624932771122  7.966909810599e-05  
 0.0009375   1103.0742465445  0.001729218682589  0.99820014486696  7.0664083484602e-05  
 0.00125   1027.5137719731  0.00079378646420634  0.99912587081168  8.0361649620491e-05  
 0.0015625   942.11771398998  0.00049263279049388  0.99935043472585  0.00015694627159049  
 0.001875   910.29949162567  0.0010726031198754  0.98927203455851  0.0096553206426055  
 0.0021875   545.3386698412  5.5078703803289e-06  0.85456047742732  0.14543401397001  
 0.0025   385.35803779909  3.0891533115436e-08  0.81533155351861  0.18466841558904  
 0.0028125   326.84489780498  1.2378253684627e-10  0.80403055026004  0.19596944961618  
 0.003125   307.75170540477  6.3318700505821e-13  0.80097635094774  0.19902364905164  
 0.0034375   302.08429299268  1.1994134584014e-13  0.80021874539909  0.19978125460081  
 0.00375   300.52611740488  9.5836869425756e-14  0.80004555636453  0.19995444363539  
 0.0040625   300.12529118964  9.0646225874688e-14  0.80000885650999  0.19999114348995  
 0.004375   300.02825238899  8.9431232698591e-14  0.80000161326405  0.19999838673589  
 0.0046875   300.00605049844  8.915535117245e-14  0.80000027632791  0.19999972367203  
 0.005   300.00123382393  8.9095584127489e-14  0.80000004467693  0.19999995532301  
 0.0053125   300.00024016623  8.908325524159e-14  0.80000000686589  0.19999999313406  
 0.005625   300.00004478448  8.9080830591882e-14  0.80000000103336  0.19999999896659  
 0.0059375   300.00000809373  8.9080375183967e-14  0.80000000018061  0.19999999981935  
 0.00625   300.00000150201  8.9080293355557e-14  0.80000000006213  0.19999999993784  
 0.0065625   300.00000036736  8.9080279268821e-14  0.80000000004645  0.19999999995352  
 0.006875   300.00000017998  8.9080276942305e-14  0.80000000004448  0.1999999999555  
 0.0071875   300.00000015026  8.9080276573206e-14  0.80000000004425  0.19999999995574  
 0.0075   300.00000014572  8.9080276516887e-14  0.80000000004423  0.19999999995576  
 0.0078125   300.00000014505  8.9080276508612e-14  0.80000000004423  0.19999999995576  
 0.008125   300.00000014496  8.9080276507442e-14  0.80000000004423  0.19999999995576  
 0.0084375   300.00000014495  8.9080276507276e-14  0.80000000004423  0.19999999995576  
 0.00875   300.00000014495  8.9080276507275e-14  0.80000000004423  0.19999999995576  
 0.0090625   300.00000014495  8.9080276507275e-14  0.80000000004423  0.19999999995576  
 0.009375   300.00000014495  8.9080276507275e-14  0.80000000004423  0.19999999995576  
 0.0096875   300.00000014495  8.9080276507275e-14  0.80000000004423  0.19999999995576  
 0.01   300.00000014495  8.9080276507275e-14  0.80000000004423  0.19999999995576  
 0.0103125   300.00000014495  8.9080276507275e-14  0.80000000004423  0.19999999995576  
 0.010625   300.00000014495  8.9080276507275e-14  0.80000000004423  0.19999999995576  
 0.0109375   300.00000014495  8.9080276507275e-14  0.80000000004423  0.19999999995576  
 0.01125   300.00000014495  8.9080276507275e-14  0.80000000004423  0.19999999995576  
 0.0115625   300.00000014495  8.9080276507275e-14  0.80000000004423  0.19999999995576  
 0.011875   300.00000014495  8.9080276507275e-14  0.80000000004423  0.19999999995576  
 0.0121875   300.00000014495  8.9080276507275e-14  0.80000000004423  0.19999999995576  
 0.0125   300.00000014495  8.9080276507275e-14  0.80000000004423  0.19999999995576  
 0.0128125   300.00000014495  8.9080276507275e-14  0.80000000004423  0.19999999995576  
 0.013125   300.00000014495  8.9080276507275e-14  0.80000000004423  0.19999999995576  
 0.0134375   300.00000014495  8.9080276507275e-14  0.80000000004423  0.19999999995576  
 0.01375   300.00000014495  8.9080276507275e-14  0.80000000004423  0.19999999995576  
 0.0140625   300.00000014495  8.9080276507275e-14  0.80000000004423  0.19999999995576  
 0.014375   300.00000014495  8.9080276507275e-14  0.80000000004423  0.19999999995576  
 0.0146875   300.00000014495  8.9080276507275e-14  0.80000000004423  0.19999999995576  
 0.015   300.00000014495  8.9080276507275e-14  0.80000000004423  0.19999999995576  
 0.0153125   300.00000014495  8.9080276507275e-14  0.80000000004423  0.19999999995576  
 0.015625   300.00000014495  8.9080276507275e-14  0.80000000004423  0.19999999995576  
 0.0159375   300.00000014495  8.9080276507275e-14  0.80000000004423  0.19999999995576  
 0.01625   300.00000014495  8.9080276507275e-14  0.80000000004423  0.19999999995576  
 0.0165625   300.00000014495  8.9080276507275e-14  0.80000000004423  0.19999999995576  
 0.016875   300.00000014495  8.9080276507275e-14  0.80000000004423  0.19999999995576  
 0.0171875   300.00000014495  8.9080276507275e-14  0.80000000004423  0.19999999995576  
 0.0175   300.00000014495  8.9080276507275e-14  0.80000000004423  0.19999999995576  
 0.0178125   300.00000014495  8.9080276507275e-14  0.80000000004423  0.19999999995576  
 0.018125   300.00000014495  8.9080276507275e-14  0.80000000004423  0.19999999995576  
 0.0184375   300.00000014495  8.9080276507275e-14  0.80000000004423  0.19999999995576  
 0.01875   300.00000014495  8.9080276507275e-14  0.80000000004423  0.19999999995576  
 0.0190625   300.00000014495  8.9080276507275e-14  0.80000000004423  0.19999999995576  
 0.019375   300.00000014495  8.9080276507275e-14  0.80000000004423  0.19999999995576  
 0.0196875   300.00000014495  8.9080276507275e-14  0.80000000004423  0.19999999995576  
 0.02   300  0  0.8  0.2  
