# TIME: 0.00214
#  x     Variables:...

 0   1000  0  0.8  0.2  
 0.0003125   1168.0062178187  0.0071307552867524  0.99212911965485  0.00074093150800905  
 0.000625   1119.1339422206  0.0030157163135303  0.99688652638199  9.7809757217911e-05  
 0.0009375   1035.9909986958  0.0012567525263202  0.99863644568966  0.00010682933106507  
 0.00125   946.72913240929  0.00099028614457877  0.99877358515741  0.00023611907299292  
 0.0015625   659.67710837864  2.9256410715881e-05  0.88349306282185  0.11647765338053  
 0.001875   424.65732900222  1.6353317944651e-07  0.82211394239961  0.17788589405902  
 0.0021875   335.73361097305  7.0515881889112e-10  0.80502636855106  0.19497363074376  
 0.0025   309.20611481348  2.5234557120275e-12  0.80102567114852  0.19897432884896  
 0.0028125   302.18933218831  1.2698828667704e-13  0.80019035987537  0.19980964012451  
 0.003125   300.48530157068  9.5316699773138e-14  0.80003231409753  0.19996768590239  
 0.0034375   300.10084007082  9.0339514430887e-14  0.80000504516445  0.19999495483547  
 0.00375   300.01972110661  8.9325269415265e-14  0.80000072873632  0.19999927126361  
 0.0040625   300.003640679  8.9125466783297e-14  0.80000009793814  0.19999990206179  
 0.004375   300.00063587518  8.9088167942988e-14  0.80000001232851  0.19999998767143  
 0.0046875   300.00010532155  8.9081582216237e-14  0.80000000148221  0.19999999851773  
 0.005   300.00001663283  8.9080481213014e-14  0.80000000019352  0.19999999980643  
 0.0053125   300.00000257363  8.9080306665742e-14  0.80000000004935  0.1999999999506  
 0.005625   300.00000045676  8.9080280383651e-14  0.80000000003412  0.19999999996584  
 0.0059375   300.00000015355  8.908027661909e-14  0.80000000003259  0.19999999996736  
 0.00625   300.00000011217  8.9080276105317e-14  0.80000000003246  0.19999999996751  
 0.0065625   300.00000010678  8.9080276038399e-14  0.80000000003245  0.19999999996752  
 0.006875   300.00000010611  8.9080276030067e-14  0.80000000003245  0.19999999996752  
 0.0071875   300.00000010603  8.9080276029071e-14  0.80000000003245  0.19999999996752  
 0.0075   300.00000010602  8.9080276028962e-14  0.80000000003245  0.19999999996752  
 0.0078125   300.00000010602  8.9080276028962e-14  0.80000000003245  0.19999999996752  
 0.008125   300.00000010602  8.9080276028962e-14  0.80000000003245  0.19999999996752  
 0.0084375   300.00000010602  8.9080276028962e-14  0.80000000003245  0.19999999996752  
 0.00875   300.00000010602  8.9080276028962e-14  0.80000000003245  0.19999999996752  
 0.0090625   300.00000010602  8.9080276028962e-14  0.80000000003245  0.19999999996752  
 0.009375   300.00000010602  8.9080276028962e-14  0.80000000003245  0.19999999996752  
 0.0096875   300.00000010602  8.9080276028962e-14  0.80000000003245  0.19999999996752  
 0.01   300.00000010602  8.9080276028962e-14  0.80000000003245  0.19999999996752  
 0.0103125   300.00000010602  8.9080276028962e-14  0.80000000003245  0.19999999996752  
 0.010625   300.00000010602  8.9080276028962e-14  0.80000000003245  0.19999999996752  
 0.0109375   300.00000010602  8.9080276028962e-14  0.80000000003245  0.19999999996752  
 0.01125   300.00000010602  8.9080276028962e-14  0.80000000003245  0.19999999996752  
 0.0115625   300.00000010602  8.9080276028962e-14  0.80000000003245  0.19999999996752  
 0.011875   300.00000010602  8.9080276028962e-14  0.80000000003245  0.19999999996752  
 0.0121875   300.00000010602  8.9080276028962e-14  0.80000000003245  0.19999999996752  
 0.0125   300.00000010602  8.9080276028962e-14  0.80000000003245  0.19999999996752  
 0.0128125   300.00000010602  8.9080276028962e-14  0.80000000003245  0.19999999996752  
 0.013125   300.00000010602  8.9080276028962e-14  0.80000000003245  0.19999999996752  
 0.0134375   300.00000010602  8.9080276028962e-14  0.80000000003245  0.19999999996752  
 0.01375   300.00000010602  8.9080276028962e-14  0.80000000003245  0.19999999996752  
 0.0140625   300.00000010602  8.9080276028962e-14  0.80000000003245  0.19999999996752  
 0.014375   300.00000010602  8.9080276028962e-14  0.80000000003245  0.19999999996752  
 0.0146875   300.00000010602  8.9080276028962e-14  0.80000000003245  0.19999999996752  
 0.015   300.00000010602  8.9080276028962e-14  0.80000000003245  0.19999999996752  
 0.0153125   300.00000010602  8.9080276028962e-14  0.80000000003245  0.19999999996752  
 0.015625   300.00000010602  8.9080276028962e-14  0.80000000003245  0.19999999996752  
 0.0159375   300.00000010602  8.9080276028962e-14  0.80000000003245  0.19999999996752  
 0.01625   300.00000010602  8.9080276028962e-14  0.80000000003245  0.19999999996752  
 0.0165625   300.00000010602  8.9080276028962e-14  0.80000000003245  0.19999999996752  
 0.016875   300.00000010602  8.9080276028962e-14  0.80000000003245  0.19999999996752  
 0.0171875   300.00000010602  8.9080276028962e-14  0.80000000003245  0.19999999996752  
 0.0175   300.00000010602  8.9080276028962e-14  0.80000000003245  0.19999999996752  
 0.0178125   300.00000010602  8.9080276028962e-14  0.80000000003245  0.19999999996752  
 0.018125   300.00000010602  8.9080276028962e-14  0.80000000003245  0.19999999996752  
 0.0184375   300.00000010602  8.9080276028962e-14  0.80000000003245  0.19999999996752  
 0.01875   300.00000010602  8.9080276028962e-14  0.80000000003245  0.19999999996752  
 0.0190625   300.00000010602  8.9080276028962e-14  0.80000000003245  0.19999999996752  
 0.019375   300.00000010602  8.9080276028962e-14  0.80000000003245  0.19999999996752  
 0.0196875   300.00000010602  8.9080276028962e-14  0.80000000003245  0.19999999996752  
 0.02   300  0  0.8  0.2  
