# TIME: 0.0022
#  x     Variables:...

 0   1000  0  0.8  0.2  
 0.0003125   1169.5511562156  0.0071898446395993  0.99207745628701  0.00073353567780892  
 0.000625   1123.2885811603  0.0030746178608838  0.99682975944689  9.5675210311495e-05  
 0.0009375   1042.4820371243  0.0012856677752783  0.99861284340182  0.00010151636759728  
 0.00125   947.25778858549  0.00088684300556347  0.99889435992579  0.00021879701519911  
 0.0015625   695.47419177372  5.6622122058284e-05  0.89563176422468  0.1043115796623  
 0.001875   443.9299073354  3.0889382003802e-07  0.82649979974576  0.17349989134465  
 0.0021875   342.7840718453  1.4086079263026e-09  0.80627988196769  0.19372011662366  
 0.0025   311.31134022683  4.9501232932611e-12  0.80132625068591  0.19867374930915  
 0.0028125   302.75147228274  1.4344682571798e-13  0.80025430648427  0.19974569351559  
 0.003125   300.62346987428  9.7180856958874e-14  0.80004462884675  0.19995537115317  
 0.0034375   300.13241520516  9.0737173064758e-14  0.80000720877792  0.19999279122201  
 0.00375   300.02646978268  8.940922103133e-14  0.80000107765152  0.1999989223484  
 0.0040625   300.0049958063  8.9142288227145e-14  0.80000014990095  0.19999985009899  
 0.004375   300.00089238529  8.9091351527136e-14  0.8000000195169  0.19999998048304  
 0.0046875   300.00015121054  8.9082151829369e-14  0.8000000024113  0.19999999758864  
 0.005   300.00002440881  8.9080577747335e-14  0.80000000030684  0.1999999996931  
 0.0053125   300.00000382564  8.9080322209604e-14  0.80000000006308  0.19999999993687  
 0.005625   300.00000065044  8.9080282787927e-14  0.8000000000364  0.19999999996355  
 0.0059375   300.00000018425  8.9080276999813e-14  0.80000000003364  0.19999999996632  
 0.00625   300.000000119  8.9080276189729e-14  0.80000000003337  0.19999999996659  
 0.0065625   300.00000011028  8.9080276081485e-14  0.80000000003336  0.19999999996661  
 0.006875   300.00000010916  8.9080276067655e-14  0.80000000003336  0.19999999996661  
 0.0071875   300.00000010903  8.9080276065962e-14  0.80000000003336  0.19999999996661  
 0.0075   300.00000010901  8.9080276065755e-14  0.80000000003336  0.19999999996661  
 0.0078125   300.00000010901  8.9080276065754e-14  0.80000000003336  0.19999999996661  
 0.008125   300.00000010901  8.9080276065754e-14  0.80000000003336  0.19999999996661  
 0.0084375   300.00000010901  8.9080276065754e-14  0.80000000003336  0.19999999996661  
 0.00875   300.00000010901  8.9080276065754e-14  0.80000000003336  0.19999999996661  
 0.0090625   300.00000010901  8.9080276065754e-14  0.80000000003336  0.19999999996661  
 0.009375   300.00000010901  8.9080276065754e-14  0.80000000003336  0.19999999996661  
 0.0096875   300.00000010901  8.9080276065754e-14  0.80000000003336  0.19999999996661  
 0.01   300.00000010901  8.9080276065754e-14  0.80000000003336  0.19999999996661  
 0.0103125   300.00000010901  8.9080276065754e-14  0.80000000003336  0.19999999996661  
 0.010625   300.00000010901  8.9080276065754e-14  0.80000000003336  0.19999999996661  
 0.0109375   300.00000010901  8.9080276065754e-14  0.80000000003336  0.19999999996661  
 0.01125   300.00000010901  8.9080276065754e-14  0.80000000003336  0.19999999996661  
 0.0115625   300.00000010901  8.9080276065754e-14  0.80000000003336  0.19999999996661  
 0.011875   300.00000010901  8.9080276065754e-14  0.80000000003336  0.19999999996661  
 0.0121875   300.00000010901  8.9080276065754e-14  0.80000000003336  0.19999999996661  
 0.0125   300.00000010901  8.9080276065754e-14  0.80000000003336  0.19999999996661  
 0.0128125   300.00000010901  8.9080276065754e-14  0.80000000003336  0.19999999996661  
 0.013125   300.00000010901  8.9080276065754e-14  0.80000000003336  0.19999999996661  
 0.0134375   300.00000010901  8.9080276065754e-14  0.80000000003336  0.19999999996661  
 0.01375   300.00000010901  8.9080276065754e-14  0.80000000003336  0.19999999996661  
 0.0140625   300.00000010901  8.9080276065754e-14  0.80000000003336  0.19999999996661  
 0.014375   300.00000010901  8.9080276065754e-14  0.80000000003336  0.19999999996661  
 0.0146875   300.00000010901  8.9080276065754e-14  0.80000000003336  0.19999999996661  
 0.015   300.00000010901  8.9080276065754e-14  0.80000000003336  0.19999999996661  
 0.0153125   300.00000010901  8.9080276065754e-14  0.80000000003336  0.19999999996661  
 0.015625   300.00000010901  8.9080276065754e-14  0.80000000003336  0.19999999996661  
 0.0159375   300.00000010901  8.9080276065754e-14  0.80000000003336  0.19999999996661  
 0.01625   300.00000010901  8.9080276065754e-14  0.80000000003336  0.19999999996661  
 0.0165625   300.00000010901  8.9080276065754e-14  0.80000000003336  0.19999999996661  
 0.016875   300.00000010901  8.9080276065754e-14  0.80000000003336  0.19999999996661  
 0.0171875   300.00000010901  8.9080276065754e-14  0.80000000003336  0.19999999996661  
 0.0175   300.00000010901  8.9080276065754e-14  0.80000000003336  0.19999999996661  
 0.0178125   300.00000010901  8.9080276065754e-14  0.80000000003336  0.19999999996661  
 0.018125   300.00000010901  8.9080276065754e-14  0.80000000003336  0.19999999996661  
 0.0184375   300.00000010901  8.9080276065754e-14  0.80000000003336  0.19999999996661  
 0.01875   300.00000010901  8.9080276065754e-14  0.80000000003336  0.19999999996661  
 0.0190625   300.00000010901  8.9080276065754e-14  0.80000000003336  0.19999999996661  
 0.019375   300.00000010901  8.9080276065754e-14  0.80000000003336  0.19999999996661  
 0.0196875   300.00000010901  8.9080276065754e-14  0.80000000003336  0.19999999996661  
 0.02   300  0  0.8  0.2  
