# TIME: 0.00116
#  x     Variables:...

 0   1000  0  0.8  0.2  
 0.0003125   1128.884121258  0.0056629310156586  0.99336821610517  0.00096919004121228  
 0.000625   1026.6561054172  0.00272749262593  0.99706535500257  0.00020715490394561  
 0.0009375   617.92963853487  1.8381574585844e-05  0.8562203050427  0.14376128425042  
 0.00125   380.68053208759  9.9638588323516e-08  0.80912528957002  0.19087461078578  
 0.0015625   317.08962027332  3.5079791519308e-10  0.80116442680709  0.19883557284209  
 0.001875   303.31109897883  1.1592708242753e-12  0.80012749671251  0.19987250328633  
 0.0021875   300.59221942623  9.9589174572693e-14  0.80001240023649  0.19998759976342  
 0.0025   300.09723696954  9.0303803053853e-14  0.80000108565141  0.1999989143485  
 0.0028125   300.01461784972  8.9261986613958e-14  0.80000008627259  0.19999991372733  
 0.003125   300.00201456269  8.9105290353216e-14  0.80000000628888  0.19999999371104  
 0.0034375   300.00025542674  8.9083445680803e-14  0.80000000043876  0.19999999956116  
 0.00375   300.0000299639  8.90806466419e-14  0.80000000004401  0.19999999995592  
 0.0040625   300.00000330771  8.9080315769062e-14  0.8000000000192  0.19999999998074  
 0.004375   300.00000038649  8.9080279515045e-14  0.80000000001773  0.1999999999822  
 0.0046875   300.00000008835  8.9080275815657e-14  0.80000000001765  0.19999999998229  
 0.005   300.00000005989  8.9080275462559e-14  0.80000000001765  0.19999999998229  
 0.0053125   300.00000005734  8.9080275430899e-14  0.80000000001765  0.19999999998229  
 0.005625   300.00000005712  8.9080275428223e-14  0.80000000001765  0.19999999998229  
 0.0059375   300.00000005711  8.9080275428004e-14  0.80000000001765  0.19999999998229  
 0.00625   300.00000005711  8.9080275428003e-14  0.80000000001765  0.19999999998229  
 0.0065625   300.00000005711  8.9080275428003e-14  0.80000000001765  0.19999999998229  
 0.006875   300.00000005711  8.9080275428003e-14  0.80000000001765  0.19999999998229  
 0.0071875   300.00000005711  8.9080275428003e-14  0.80000000001765  0.19999999998229  
 0.0075   300.00000005711  8.9080275428003e-14  0.80000000001765  0.19999999998229  
 0.0078125   300.00000005711  8.9080275428003e-14  0.80000000001765  0.19999999998229  
 0.008125   300.00000005711  8.9080275428003e-14  0.80000000001765  0.19999999998229  
 0.0084375   300.00000005711  8.9080275428003e-14  0.80000000001765  0.19999999998229  
 0.00875   300.00000005711  8.9080275428003e-14  0.80000000001765  0.19999999998229  
 0.0090625   300.00000005711  8.9080275428003e-14  0.80000000001765  0.19999999998229  
 0.009375   300.00000005711  8.9080275428003e-14  0.80000000001765  0.19999999998229  
 0.0096875   300.00000005711  8.9080275428003e-14  0.80000000001765  0.19999999998229  
 0.01   300.00000005711  8.9080275428003e-14  0.80000000001765  0.19999999998229  
 0.0103125   300.00000005711  8.9080275428003e-14  0.80000000001765  0.19999999998229  
 0.010625   300.00000005711  8.9080275428003e-14  0.80000000001765  0.19999999998229  
 0.0109375   300.00000005711  8.9080275428003e-14  0.80000000001765  0.19999999998229  
 0.01125   300.00000005711  8.9080275428003e-14  0.80000000001765  0.19999999998229  
 0.0115625   300.00000005711  8.9080275428003e-14  0.80000000001765  0.19999999998229  
 0.011875   300.00000005711  8.9080275428003e-14  0.80000000001765  0.19999999998229  
 0.0121875   300.00000005711  8.9080275428003e-14  0.80000000001765  0.19999999998229  
 0.0125   300.00000005711  8.9080275428003e-14  0.80000000001765  0.19999999998229  
 0.0128125   300.00000005711  8.9080275428003e-14  0.80000000001765  0.19999999998229  
 0.013125   300.00000005711  8.9080275428003e-14  0.80000000001765  0.19999999998229  
 0.0134375   300.00000005711  8.9080275428003e-14  0.80000000001765  0.19999999998229  
 0.01375   300.00000005711  8.9080275428003e-14  0.80000000001765  0.19999999998229  
 0.0140625   300.00000005711  8.9080275428003e-14  0.80000000001765  0.19999999998229  
 0.014375   300.00000005711  8.9080275428003e-14  0.80000000001765  0.19999999998229  
 0.0146875   300.00000005711  8.9080275428003e-14  0.80000000001765  0.19999999998229  
 0.015   300.00000005711  8.9080275428003e-14  0.80000000001765  0.19999999998229  
 0.0153125   300.00000005711  8.9080275428003e-14  0.80000000001765  0.19999999998229  
 0.015625   300.00000005711  8.9080275428003e-14  0.80000000001765  0.19999999998229  
 0.0159375   300.00000005711  8.9080275428003e-14  0.80000000001765  0.19999999998229  
 0.01625   300.00000005711  8.9080275428003e-14  0.80000000001765  0.19999999998229  
 0.0165625   300.00000005711  8.9080275428003e-14  0.80000000001765  0.19999999998229  
 0.016875   300.00000005711  8.9080275428003e-14  0.80000000001765  0.19999999998229  
 0.0171875   300.00000005711  8.9080275428003e-14  0.80000000001765  0.19999999998229  
 0.0175   300.00000005711  8.9080275428003e-14  0.80000000001765  0.19999999998229  
 0.0178125   300.00000005711  8.9080275428003e-14  0.80000000001765  0.19999999998229  
 0.018125   300.00000005711  8.9080275428003e-14  0.80000000001765  0.19999999998229  
 0.0184375   300.00000005711  8.9080275428003e-14  0.80000000001765  0.19999999998229  
 0.01875   300.00000005711  8.9080275428003e-14  0.80000000001765  0.19999999998229  
 0.0190625   300.00000005711  8.9080275428003e-14  0.80000000001765  0.19999999998229  
 0.019375   300.00000005711  8.9080275428003e-14  0.80000000001765  0.19999999998229  
 0.0196875   300.00000005711  8.9080275428003e-14  0.80000000001765  0.19999999998229  
 0.02   300  0  0.8  0.2  
