# TIME: 0.0025
#  x     Variables:...

 0   1000  0  0.8  0.2  
 0.0003125   1176.2912360171  0.007450977220787  0.99184761170847  0.00070240007953082  
 0.000625   1141.0568530794  0.0033492808820833  0.99656328438175  8.7487580119377e-05  
 0.0009375   1069.8109587287  0.0014598424198159  0.99845513778013  8.5047392961785e-05  
 0.00125   982.74012650616  0.00070719913965225  0.99916841149731  0.00012440834994193  
 0.0015625   932.50303685318  0.0011479374890705  0.99842801067763  0.00042401697205385  
 0.001875   589.8397952081  8.9738621813527e-06  0.86525184560562  0.13473917231002  
 0.0021875   396.84569740143  5.1798163035698e-08  0.81711539941132  0.18288454878819  
 0.0025   328.74830235459  2.1338087180694e-10  0.80414577420399  0.19585422558262  
 0.0028125   307.81783447233  9.2067122250367e-13  0.80092267655222  0.19907732344687  
 0.003125   301.9708490447  1.1895859373332e-13  0.80018838679068  0.19981161320922  
 0.0034375   300.46447392047  9.5025965363102e-14  0.80003545046504  0.19996454953488  
 0.00375   300.10293283266  9.0365326574714e-14  0.80000618257985  0.19999381742007  
 0.0040625   300.02153933707  8.9347808801766e-14  0.80000100429103  0.1999989957089  
 0.004375   300.00426928103  8.9133258500671e-14  0.80000015263644  0.1999998473635  
 0.0046875   300.00080356777  8.9090247678029e-14  0.80000002181492  0.19999997818502  
 0.005   300.00014398373  8.9082061938463e-14  0.80000000296703  0.19999999703292  
 0.0053125   300.00002467271  8.9080581003514e-14  0.80000000041042  0.19999999958953  
 0.005625   300.00000412227  8.9080325889309e-14  0.80000000008279  0.19999999991716  
 0.0059375   300.00000074638  8.9080283977267e-14  0.80000000004301  0.19999999995695  
 0.00625   300.0000002167  8.9080277400939e-14  0.80000000003843  0.19999999996154  
 0.0065625   300.00000013722  8.9080276414052e-14  0.80000000003793  0.19999999996204  
 0.006875   300.0000001258  8.9080276272215e-14  0.80000000003789  0.19999999996209  
 0.0071875   300.00000012422  8.9080276252669e-14  0.80000000003789  0.19999999996209  
 0.0075   300.00000012401  8.9080276250079e-14  0.80000000003789  0.19999999996209  
 0.0078125   300.00000012399  8.9080276249738e-14  0.80000000003789  0.19999999996209  
 0.008125   300.00000012398  8.9080276249722e-14  0.80000000003789  0.19999999996209  
 0.0084375   300.00000012398  8.9080276249722e-14  0.80000000003789  0.19999999996209  
 0.00875   300.00000012398  8.9080276249722e-14  0.80000000003789  0.19999999996209  
 0.0090625   300.00000012398  8.9080276249722e-14  0.80000000003789  0.19999999996209  
 0.009375   300.00000012398  8.9080276249722e-14  0.80000000003789  0.19999999996209  
 0.0096875   300.00000012398  8.9080276249722e-14  0.80000000003789  0.19999999996209  
 0.01   300.00000012398  8.9080276249722e-14  0.80000000003789  0.19999999996209  
 0.0103125   300.00000012398  8.9080276249722e-14  0.80000000003789  0.19999999996209  
 0.010625   300.00000012398  8.9080276249722e-14  0.80000000003789  0.19999999996209  
 0.0109375   300.00000012398  8.9080276249722e-14  0.80000000003789  0.19999999996209  
 0.01125   300.00000012398  8.9080276249722e-14  0.80000000003789  0.19999999996209  
 0.0115625   300.00000012398  8.9080276249722e-14  0.80000000003789  0.19999999996209  
 0.011875   300.00000012398  8.9080276249722e-14  0.80000000003789  0.19999999996209  
 0.0121875   300.00000012398  8.9080276249722e-14  0.80000000003789  0.19999999996209  
 0.0125   300.00000012398  8.9080276249722e-14  0.80000000003789  0.19999999996209  
 0.0128125   300.00000012398  8.9080276249722e-14  0.80000000003789  0.19999999996209  
 0.013125   300.00000012398  8.9080276249722e-14  0.80000000003789  0.19999999996209  
 0.0134375   300.00000012398  8.9080276249722e-14  0.80000000003789  0.19999999996209  
 0.01375   300.00000012398  8.9080276249722e-14  0.80000000003789  0.19999999996209  
 0.0140625   300.00000012398  8.9080276249722e-14  0.80000000003789  0.19999999996209  
 0.014375   300.00000012398  8.9080276249722e-14  0.80000000003789  0.19999999996209  
 0.0146875   300.00000012398  8.9080276249722e-14  0.80000000003789  0.19999999996209  
 0.015   300.00000012398  8.9080276249722e-14  0.80000000003789  0.19999999996209  
 0.0153125   300.00000012398  8.9080276249722e-14  0.80000000003789  0.19999999996209  
 0.015625   300.00000012398  8.9080276249722e-14  0.80000000003789  0.19999999996209  
 0.0159375   300.00000012398  8.9080276249722e-14  0.80000000003789  0.19999999996209  
 0.01625   300.00000012398  8.9080276249722e-14  0.80000000003789  0.19999999996209  
 0.0165625   300.00000012398  8.9080276249722e-14  0.80000000003789  0.19999999996209  
 0.016875   300.00000012398  8.9080276249722e-14  0.80000000003789  0.19999999996209  
 0.0171875   300.00000012398  8.9080276249722e-14  0.80000000003789  0.19999999996209  
 0.0175   300.00000012398  8.9080276249722e-14  0.80000000003789  0.19999999996209  
 0.0178125   300.00000012398  8.9080276249722e-14  0.80000000003789  0.19999999996209  
 0.018125   300.00000012398  8.9080276249722e-14  0.80000000003789  0.19999999996209  
 0.0184375   300.00000012398  8.9080276249722e-14  0.80000000003789  0.19999999996209  
 0.01875   300.00000012398  8.9080276249722e-14  0.80000000003789  0.19999999996209  
 0.0190625   300.00000012398  8.9080276249722e-14  0.80000000003789  0.19999999996209  
 0.019375   300.00000012398  8.9080276249722e-14  0.80000000003789  0.19999999996209  
 0.0196875   300.00000012398  8.9080276249722e-14  0.80000000003789  0.19999999996209  
 0.02   300  0  0.8  0.2  
