# TIME: 0.00158
#  x     Variables:...

 0   1000  0  0.8  0.2  
 0.0003125   1148.8917376493  0.006416463088545  0.99274259498073  0.00084147379324401  
 0.000625   1071.3197578504  0.0024587948243685  0.99741084304639  0.00013041395818047  
 0.0009375   979.43451522537  0.0016690959801584  0.99809978712911  0.00023109538357805  
 0.00125   607.83965641976  1.328010245769e-05  0.86216200639398  0.13782469185752  
 0.0015625   387.57217484611  7.3747179858486e-08  0.81273347115027  0.18726645509857  
 0.001875   321.08560146054  2.7398881406218e-10  0.80221693257474  0.19778306715126  
 0.0021875   304.62581130151  9.8002888907342e-13  0.80034331167287  0.19965668832615  
 0.0025   300.93935287723  1.0380233794065e-13  0.80004769848993  0.19995230150997  
 0.0028125   300.17740173666  9.1315095567803e-14  0.80000598142512  0.1999940185748  
 0.003125   300.03123609245  8.9468833862254e-14  0.80000068261224  0.19999931738768  
 0.0034375   300.00513577313  8.9144054116334e-14  0.80000007153016  0.19999992846977  
 0.00375   300.00078961308  8.9090078504554e-14  0.80000000695417  0.19999999304576  
 0.0040625   300.00011375278  8.9081687011351e-14  0.80000000064947  0.19999999935046  
 0.004375   300.0000154361  8.9080466353688e-14  0.80000000007684  0.19999999992309  
 0.0046875   300.00000202963  8.9080299912147e-14  0.80000000002818  0.19999999997176  
 0.005   300.00000031189  8.9080278587897e-14  0.8000000000243  0.19999999997565  
 0.0053125   300.00000010455  8.9080276014217e-14  0.80000000002401  0.19999999997594  
 0.005625   300.00000008091  8.9080275720815e-14  0.800000000024  0.19999999997596  
 0.0059375   300.00000007836  8.9080275689139e-14  0.800000000024  0.19999999997596  
 0.00625   300.0000000781  8.9080275685891e-14  0.800000000024  0.19999999997596  
 0.0065625   300.00000007807  8.9080275685566e-14  0.800000000024  0.19999999997596  
 0.006875   300.00000007807  8.9080275685557e-14  0.800000000024  0.19999999997596  
 0.0071875   300.00000007807  8.9080275685557e-14  0.800000000024  0.19999999997596  
 0.0075   300.00000007807  8.9080275685557e-14  0.800000000024  0.19999999997596  
 0.0078125   300.00000007807  8.9080275685557e-14  0.800000000024  0.19999999997596  
 0.008125   300.00000007807  8.9080275685557e-14  0.800000000024  0.19999999997596  
 0.0084375   300.00000007807  8.9080275685557e-14  0.800000000024  0.19999999997596  
 0.00875   300.00000007807  8.9080275685557e-14  0.800000000024  0.19999999997596  
 0.0090625   300.00000007807  8.9080275685557e-14  0.800000000024  0.19999999997596  
 0.009375   300.00000007807  8.9080275685557e-14  0.800000000024  0.19999999997596  
 0.0096875   300.00000007807  8.9080275685557e-14  0.800000000024  0.19999999997596  
 0.01   300.00000007807  8.9080275685557e-14  0.800000000024  0.19999999997596  
 0.0103125   300.00000007807  8.9080275685557e-14  0.800000000024  0.19999999997596  
 0.010625   300.00000007807  8.9080275685557e-14  0.800000000024  0.19999999997596  
 0.0109375   300.00000007807  8.9080275685557e-14  0.800000000024  0.19999999997596  
 0.01125   300.00000007807  8.9080275685557e-14  0.800000000024  0.19999999997596  
 0.0115625   300.00000007807  8.9080275685557e-14  0.800000000024  0.19999999997596  
 0.011875   300.00000007807  8.9080275685557e-14  0.800000000024  0.19999999997596  
 0.0121875   300.00000007807  8.9080275685557e-14  0.800000000024  0.19999999997596  
 0.0125   300.00000007807  8.9080275685557e-14  0.800000000024  0.19999999997596  
 0.0128125   300.00000007807  8.9080275685557e-14  0.800000000024  0.19999999997596  
 0.013125   300.00000007807  8.9080275685557e-14  0.800000000024  0.19999999997596  
 0.0134375   300.00000007807  8.9080275685557e-14  0.800000000024  0.19999999997596  
 0.01375   300.00000007807  8.9080275685557e-14  0.800000000024  0.19999999997596  
 0.0140625   300.00000007807  8.9080275685557e-14  0.800000000024  0.19999999997596  
 0.014375   300.00000007807  8.9080275685557e-14  0.800000000024  0.19999999997596  
 0.0146875   300.00000007807  8.9080275685557e-14  0.800000000024  0.19999999997596  
 0.015   300.00000007807  8.9080275685557e-14  0.800000000024  0.19999999997596  
 0.0153125   300.00000007807  8.9080275685557e-14  0.800000000024  0.19999999997596  
 0.015625   300.00000007807  8.9080275685557e-14  0.800000000024  0.19999999997596  
 0.0159375   300.00000007807  8.9080275685557e-14  0.800000000024  0.19999999997596  
 0.01625   300.00000007807  8.9080275685557e-14  0.800000000024  0.19999999997596  
 0.0165625   300.00000007807  8.9080275685557e-14  0.800000000024  0.19999999997596  
 0.016875   300.00000007807  8.9080275685557e-14  0.800000000024  0.19999999997596  
 0.0171875   300.00000007807  8.9080275685557e-14  0.800000000024  0.19999999997596  
 0.0175   300.00000007807  8.9080275685557e-14  0.800000000024  0.19999999997596  
 0.0178125   300.00000007807  8.9080275685557e-14  0.800000000024  0.19999999997596  
 0.018125   300.00000007807  8.9080275685557e-14  0.800000000024  0.19999999997596  
 0.0184375   300.00000007807  8.9080275685557e-14  0.800000000024  0.19999999997596  
 0.01875   300.00000007807  8.9080275685557e-14  0.800000000024  0.19999999997596  
 0.0190625   300.00000007807  8.9080275685557e-14  0.800000000024  0.19999999997596  
 0.019375   300.00000007807  8.9080275685557e-14  0.800000000024  0.19999999997596  
 0.0196875   300.00000007807  8.9080275685557e-14  0.800000000024  0.19999999997596  
 0.02   300  0  0.8  0.2  
