# TIME: 0.0018399999999999
#  x     Variables:...

 0   1000  0  0.8  0.2  
 0.0003125   1159.1498404531  0.0067904945376215  0.99242466991982  0.00078549316221677  
 0.000625   1096.362436936  0.0027121307375232  0.99717708811391  0.0001108332521971  
 0.0009375   988.18203883196  0.0012287689327568  0.99859611560644  0.00017514004853963  
 0.00125   841.95993050077  0.00051786959607569  0.94290107579886  0.056581001822335  
 0.0015625   481.61955723909  2.340958777411e-06  0.83318892871062  0.16680873022022  
 0.001875   351.91455302204  1.0748288730942e-08  0.80726274701362  0.19273724223787  
 0.0021875   313.01101852732  3.4883514418544e-11  0.80139497772706  0.19860502223806  
 0.0025   302.96367636695  2.3044483899637e-13  0.80023771578861  0.19976228421116  
 0.0028125   300.62542174634  9.7437006701439e-14  0.80003652055307  0.19996347944684  
 0.003125   300.12329311592  9.0623425097625e-14  0.80000511517117  0.19999488482875  
 0.0034375   300.02279130164  8.9363543987036e-14  0.80000065837963  0.19999934162029  
 0.00375   300.00395920904  8.9129431327782e-14  0.80000007839281  0.19999992160712  
 0.0040625   300.00064745141  8.9088312708531e-14  0.80000000870371  0.19999999129623  
 0.004375   300.00009988014  8.9081514753344e-14  0.80000000092584  0.1999999990741  
 0.0046875   300.00001461595  8.9080456177279e-14  0.80000000011518  0.19999999988476  
 0.005   300.00000209087  8.9080300673005e-14  0.8000000000359  0.19999999996404  
 0.0053125   300.00000035198  8.9080279084307e-14  0.8000000000286  0.19999999997135  
 0.005625   300.00000012337  8.9080276246266e-14  0.80000000002797  0.19999999997199  
 0.0059375   300.00000009485  8.9080275892274e-14  0.80000000002792  0.19999999997204  
 0.00625   300.00000009147  8.9080275850293e-14  0.80000000002792  0.19999999997204  
 0.0065625   300.00000009109  8.908027584555e-14  0.80000000002792  0.19999999997204  
 0.006875   300.00000009105  8.9080275845038e-14  0.80000000002792  0.19999999997204  
 0.0071875   300.00000009104  8.9080275844995e-14  0.80000000002792  0.19999999997204  
 0.0075   300.00000009104  8.9080275844995e-14  0.80000000002792  0.19999999997204  
 0.0078125   300.00000009104  8.9080275844995e-14  0.80000000002792  0.19999999997204  
 0.008125   300.00000009104  8.9080275844995e-14  0.80000000002792  0.19999999997204  
 0.0084375   300.00000009104  8.9080275844995e-14  0.80000000002792  0.19999999997204  
 0.00875   300.00000009104  8.9080275844995e-14  0.80000000002792  0.19999999997204  
 0.0090625   300.00000009104  8.9080275844995e-14  0.80000000002792  0.19999999997204  
 0.009375   300.00000009104  8.9080275844995e-14  0.80000000002792  0.19999999997204  
 0.0096875   300.00000009104  8.9080275844995e-14  0.80000000002792  0.19999999997204  
 0.01   300.00000009104  8.9080275844995e-14  0.80000000002792  0.19999999997204  
 0.0103125   300.00000009104  8.9080275844995e-14  0.80000000002792  0.19999999997204  
 0.010625   300.00000009104  8.9080275844995e-14  0.80000000002792  0.19999999997204  
 0.0109375   300.00000009104  8.9080275844995e-14  0.80000000002792  0.19999999997204  
 0.01125   300.00000009104  8.9080275844995e-14  0.80000000002792  0.19999999997204  
 0.0115625   300.00000009104  8.9080275844995e-14  0.80000000002792  0.19999999997204  
 0.011875   300.00000009104  8.9080275844995e-14  0.80000000002792  0.19999999997204  
 0.0121875   300.00000009104  8.9080275844995e-14  0.80000000002792  0.19999999997204  
 0.0125   300.00000009104  8.9080275844995e-14  0.80000000002792  0.19999999997204  
 0.0128125   300.00000009104  8.9080275844995e-14  0.80000000002792  0.19999999997204  
 0.013125   300.00000009104  8.9080275844995e-14  0.80000000002792  0.19999999997204  
 0.0134375   300.00000009104  8.9080275844995e-14  0.80000000002792  0.19999999997204  
 0.01375   300.00000009104  8.9080275844995e-14  0.80000000002792  0.19999999997204  
 0.0140625   300.00000009104  8.9080275844995e-14  0.80000000002792  0.19999999997204  
 0.014375   300.00000009104  8.9080275844995e-14  0.80000000002792  0.19999999997204  
 0.0146875   300.00000009104  8.9080275844995e-14  0.80000000002792  0.19999999997204  
 0.015   300.00000009104  8.9080275844995e-14  0.80000000002792  0.19999999997204  
 0.0153125   300.00000009104  8.9080275844995e-14  0.80000000002792  0.19999999997204  
 0.015625   300.00000009104  8.9080275844995e-14  0.80000000002792  0.19999999997204  
 0.0159375   300.00000009104  8.9080275844995e-14  0.80000000002792  0.19999999997204  
 0.01625   300.00000009104  8.9080275844995e-14  0.80000000002792  0.19999999997204  
 0.0165625   300.00000009104  8.9080275844995e-14  0.80000000002792  0.19999999997204  
 0.016875   300.00000009104  8.9080275844995e-14  0.80000000002792  0.19999999997204  
 0.0171875   300.00000009104  8.9080275844995e-14  0.80000000002792  0.19999999997204  
 0.0175   300.00000009104  8.9080275844995e-14  0.80000000002792  0.19999999997204  
 0.0178125   300.00000009104  8.9080275844995e-14  0.80000000002792  0.19999999997204  
 0.018125   300.00000009104  8.9080275844995e-14  0.80000000002792  0.19999999997204  
 0.0184375   300.00000009104  8.9080275844995e-14  0.80000000002792  0.19999999997204  
 0.01875   300.00000009104  8.9080275844995e-14  0.80000000002792  0.19999999997204  
 0.0190625   300.00000009104  8.9080275844995e-14  0.80000000002792  0.19999999997204  
 0.019375   300.00000009104  8.9080275844995e-14  0.80000000002792  0.19999999997204  
 0.0196875   300.00000009104  8.9080275844995e-14  0.80000000002792  0.19999999997204  
 0.02   300  0  0.8  0.2  
