# TIME: 0.00228
#  x     Variables:...

 0   1000  0  0.8  0.2  
 0.0003125   1171.5057203056  0.0072649311175138  0.99201162513649  0.00072432073577813  
 0.000625   1128.4922032503  0.003151367995855  0.9967555565632  9.3128045939272e-05  
 0.0009375   1050.2434364872  0.001328452886284  0.99857549529388  9.6079372698209e-05  
 0.00125   950.88078135671  0.00079337902412236  0.99901137129058  0.00019526038627787  
 0.0015625   758.88461694101  0.00016396875634055  0.91875979658706  0.081076192722852  
 0.001875   472.68017098978  8.3916846849523e-07  0.83337706856518  0.16662209222174  
 0.0021875   353.71184734291  4.0662243617474e-09  0.80830394830563  0.19169604762803  
 0.0025   314.72265698573  1.4233235456584e-11  0.80183653427774  0.19816346570804  
 0.0028125   303.69260413888  1.8774471702799e-13  0.80036761239152  0.1996323876083  
 0.003125   300.86125661047  1.0051080180674e-13  0.80006732111584  0.19993267888407  
 0.0034375   300.18820449558  9.1443931819243e-14  0.80001135464405  0.19998864535587  
 0.00375   300.03870820567  8.9561634880389e-14  0.80000177339644  0.19999822660349  
 0.0040625   300.00751790077  8.9173599349963e-14  0.8000002577792  0.19999974222074  
 0.004375   300.00138241268  8.9097432973273e-14  0.8000000350575  0.19999996494243  
 0.0046875   300.00024122406  8.9083269075472e-14  0.80000000450248  0.19999999549746  
 0.005   300.00004007719  8.9080772251563e-14  0.80000000057168  0.19999999942826  
 0.0053125   300.0000064171  8.9080354382212e-14  0.8000000000956  0.19999999990435  
 0.005625   300.00000106076  8.9080287881772e-14  0.80000000004112  0.19999999995883  
 0.0059375   300.00000024899  8.9080277803177e-14  0.80000000003522  0.19999999996474  
 0.00625   300.00000013165  8.9080276346334e-14  0.80000000003462  0.19999999996535  
 0.0065625   300.00000011545  8.9080276145193e-14  0.80000000003456  0.19999999996541  
 0.006875   300.00000011331  8.9080276118622e-14  0.80000000003456  0.19999999996541  
 0.0071875   300.00000011304  8.9080276115257e-14  0.80000000003456  0.19999999996541  
 0.0075   300.00000011301  8.9080276114846e-14  0.80000000003456  0.19999999996541  
 0.0078125   300.000000113  8.9080276114813e-14  0.80000000003456  0.19999999996541  
 0.008125   300.000000113  8.9080276114812e-14  0.80000000003456  0.19999999996541  
 0.0084375   300.000000113  8.9080276114812e-14  0.80000000003456  0.19999999996541  
 0.00875   300.000000113  8.9080276114812e-14  0.80000000003456  0.19999999996541  
 0.0090625   300.000000113  8.9080276114812e-14  0.80000000003456  0.19999999996541  
 0.009375   300.000000113  8.9080276114812e-14  0.80000000003456  0.19999999996541  
 0.0096875   300.000000113  8.9080276114812e-14  0.80000000003456  0.19999999996541  
 0.01   300.000000113  8.9080276114812e-14  0.80000000003456  0.19999999996541  
 0.0103125   300.000000113  8.9080276114812e-14  0.80000000003456  0.19999999996541  
 0.010625   300.000000113  8.9080276114812e-14  0.80000000003456  0.19999999996541  
 0.0109375   300.000000113  8.9080276114812e-14  0.80000000003456  0.19999999996541  
 0.01125   300.000000113  8.9080276114812e-14  0.80000000003456  0.19999999996541  
 0.0115625   300.000000113  8.9080276114812e-14  0.80000000003456  0.19999999996541  
 0.011875   300.000000113  8.9080276114812e-14  0.80000000003456  0.19999999996541  
 0.0121875   300.000000113  8.9080276114812e-14  0.80000000003456  0.19999999996541  
 0.0125   300.000000113  8.9080276114812e-14  0.80000000003456  0.19999999996541  
 0.0128125   300.000000113  8.9080276114812e-14  0.80000000003456  0.19999999996541  
 0.013125   300.000000113  8.9080276114812e-14  0.80000000003456  0.19999999996541  
 0.0134375   300.000000113  8.9080276114812e-14  0.80000000003456  0.19999999996541  
 0.01375   300.000000113  8.9080276114812e-14  0.80000000003456  0.19999999996541  
 0.0140625   300.000000113  8.9080276114812e-14  0.80000000003456  0.19999999996541  
 0.014375   300.000000113  8.9080276114812e-14  0.80000000003456  0.19999999996541  
 0.0146875   300.000000113  8.9080276114812e-14  0.80000000003456  0.19999999996541  
 0.015   300.000000113  8.9080276114812e-14  0.80000000003456  0.19999999996541  
 0.0153125   300.000000113  8.9080276114812e-14  0.80000000003456  0.19999999996541  
 0.015625   300.000000113  8.9080276114812e-14  0.80000000003456  0.19999999996541  
 0.0159375   300.000000113  8.9080276114812e-14  0.80000000003456  0.19999999996541  
 0.01625   300.000000113  8.9080276114812e-14  0.80000000003456  0.19999999996541  
 0.0165625   300.000000113  8.9080276114812e-14  0.80000000003456  0.19999999996541  
 0.016875   300.000000113  8.9080276114812e-14  0.80000000003456  0.19999999996541  
 0.0171875   300.000000113  8.9080276114812e-14  0.80000000003456  0.19999999996541  
 0.0175   300.000000113  8.9080276114812e-14  0.80000000003456  0.19999999996541  
 0.0178125   300.000000113  8.9080276114812e-14  0.80000000003456  0.19999999996541  
 0.018125   300.000000113  8.9080276114812e-14  0.80000000003456  0.19999999996541  
 0.0184375   300.000000113  8.9080276114812e-14  0.80000000003456  0.19999999996541  
 0.01875   300.000000113  8.9080276114812e-14  0.80000000003456  0.19999999996541  
 0.0190625   300.000000113  8.9080276114812e-14  0.80000000003456  0.19999999996541  
 0.019375   300.000000113  8.9080276114812e-14  0.80000000003456  0.19999999996541  
 0.0196875   300.000000113  8.9080276114812e-14  0.80000000003456  0.19999999996541  
 0.02   300  0  0.8  0.2  
