# TIME: 0.00088000000000001
#  x     Variables:...

 0   1000  0  0.8  0.2  
 0.0003125   1101.925462737  0.0053709121157496  0.99348887718875  0.0011404108884662  
 0.000625   730.25035250784  0.00011563866812626  0.86837219747623  0.13151211951673  
 0.0009375   409.91179916429  5.8504691846457e-07  0.80896178116199  0.19103763377035  
 0.00125   323.08155328615  2.1252588014921e-09  0.80090007086469  0.19909992700999  
 0.0015625   304.28285136122  6.2464968143027e-12  0.80007231118548  0.19992768880827  
 0.001875   300.7082798756  1.1489109874584e-13  0.80000490200554  0.19999509799434  
 0.0021875   300.1042191121  9.0428945978001e-14  0.80000029350227  0.19999970649765  
 0.0025   300.01368759059  8.925050521201e-14  0.8000000161239  0.19999998387602  
 0.0028125   300.00161585194  8.9100334721127e-14  0.80000000084812  0.1999999991518  
 0.003125   300.00017290802  8.9082420530322e-14  0.80000000005504  0.19999999994488  
 0.0034375   300.00001693691  8.9080484858222e-14  0.80000000001543  0.19999999998449  
 0.00375   300.00000156214  8.9080294098228e-14  0.80000000001351  0.19999999998642  
 0.0040625   300.00000016959  8.9080276824505e-14  0.80000000001343  0.19999999998651  
 0.004375   300.00000005293  8.9080275377806e-14  0.80000000001343  0.19999999998651  
 0.0046875   300.00000004384  8.9080275265101e-14  0.80000000001343  0.19999999998651  
 0.005   300.00000004318  8.9080275256893e-14  0.80000000001343  0.19999999998651  
 0.0053125   300.00000004313  8.908027525633e-14  0.80000000001343  0.19999999998651  
 0.005625   300.00000004313  8.9080275256301e-14  0.80000000001343  0.19999999998651  
 0.0059375   300.00000004313  8.9080275256301e-14  0.80000000001343  0.19999999998651  
 0.00625   300.00000004313  8.9080275256301e-14  0.80000000001343  0.19999999998651  
 0.0065625   300.00000004313  8.9080275256301e-14  0.80000000001343  0.19999999998651  
 0.006875   300.00000004313  8.9080275256301e-14  0.80000000001343  0.19999999998651  
 0.0071875   300.00000004313  8.9080275256301e-14  0.80000000001343  0.19999999998651  
 0.0075   300.00000004313  8.9080275256301e-14  0.80000000001343  0.19999999998651  
 0.0078125   300.00000004313  8.9080275256301e-14  0.80000000001343  0.19999999998651  
 0.008125   300.00000004313  8.9080275256301e-14  0.80000000001343  0.19999999998651  
 0.0084375   300.00000004313  8.9080275256301e-14  0.80000000001343  0.19999999998651  
 0.00875   300.00000004313  8.9080275256301e-14  0.80000000001343  0.19999999998651  
 0.0090625   300.00000004313  8.9080275256301e-14  0.80000000001343  0.19999999998651  
 0.009375   300.00000004313  8.9080275256301e-14  0.80000000001343  0.19999999998651  
 0.0096875   300.00000004313  8.9080275256301e-14  0.80000000001343  0.19999999998651  
 0.01   300.00000004313  8.9080275256301e-14  0.80000000001343  0.19999999998651  
 0.0103125   300.00000004313  8.9080275256301e-14  0.80000000001343  0.19999999998651  
 0.010625   300.00000004313  8.9080275256301e-14  0.80000000001343  0.19999999998651  
 0.0109375   300.00000004313  8.9080275256301e-14  0.80000000001343  0.19999999998651  
 0.01125   300.00000004313  8.9080275256301e-14  0.80000000001343  0.19999999998651  
 0.0115625   300.00000004313  8.9080275256301e-14  0.80000000001343  0.19999999998651  
 0.011875   300.00000004313  8.9080275256301e-14  0.80000000001343  0.19999999998651  
 0.0121875   300.00000004313  8.9080275256301e-14  0.80000000001343  0.19999999998651  
 0.0125   300.00000004313  8.9080275256301e-14  0.80000000001343  0.19999999998651  
 0.0128125   300.00000004313  8.9080275256301e-14  0.80000000001343  0.19999999998651  
 0.013125   300.00000004313  8.9080275256301e-14  0.80000000001343  0.19999999998651  
 0.0134375   300.00000004313  8.9080275256301e-14  0.80000000001343  0.19999999998651  
 0.01375   300.00000004313  8.9080275256301e-14  0.80000000001343  0.19999999998651  
 0.0140625   300.00000004313  8.9080275256301e-14  0.80000000001343  0.19999999998651  
 0.014375   300.00000004313  8.9080275256301e-14  0.80000000001343  0.19999999998651  
 0.0146875   300.00000004313  8.9080275256301e-14  0.80000000001343  0.19999999998651  
 0.015   300.00000004313  8.9080275256301e-14  0.80000000001343  0.19999999998651  
 0.0153125   300.00000004313  8.9080275256301e-14  0.80000000001343  0.19999999998651  
 0.015625   300.00000004313  8.9080275256301e-14  0.80000000001343  0.19999999998651  
 0.0159375   300.00000004313  8.9080275256301e-14  0.80000000001343  0.19999999998651  
 0.01625   300.00000004313  8.9080275256301e-14  0.80000000001343  0.19999999998651  
 0.0165625   300.00000004313  8.9080275256301e-14  0.80000000001343  0.19999999998651  
 0.016875   300.00000004313  8.9080275256301e-14  0.80000000001343  0.19999999998651  
 0.0171875   300.00000004313  8.9080275256301e-14  0.80000000001343  0.19999999998651  
 0.0175   300.00000004313  8.9080275256301e-14  0.80000000001343  0.19999999998651  
 0.0178125   300.00000004313  8.9080275256301e-14  0.80000000001343  0.19999999998651  
 0.018125   300.00000004313  8.9080275256301e-14  0.80000000001343  0.19999999998651  
 0.0184375   300.00000004313  8.9080275256301e-14  0.80000000001343  0.19999999998651  
 0.01875   300.00000004313  8.9080275256301e-14  0.80000000001343  0.19999999998651  
 0.0190625   300.00000004313  8.9080275256301e-14  0.80000000001343  0.19999999998651  
 0.019375   300.00000004313  8.9080275256301e-14  0.80000000001343  0.19999999998651  
 0.0196875   300.00000004313  8.9080275256301e-14  0.80000000001343  0.19999999998651  
 0.02   300  0  0.8  0.2  
