# TIME: 0.00042
#  x     Variables:...

 0   1000  0  0.8  0.2  
 0.0003125   613.09878737031  9.3077427364058e-06  0.80130127444274  0.19868941781849  
 0.000625   375.328628462  4.7433787749729e-08  0.80006262843217  0.19993732413306  
 0.0009375   312.29075626155  1.5351202273596e-10  0.80000271570162  0.19999728414486  
 0.00125   301.5305333523  5.3523570079173e-13  0.80000010780186  0.19999989219761  
 0.0015625   300.15468003517  9.2178588477632e-14  0.80000000395298  0.19999999604693  
 0.001875   300.01316069019  8.9246820994645e-14  0.8000000001407  0.19999999985921  
 0.0021875   300.00096696184  8.9092270643063e-14  0.80000000001074  0.19999999998917  
 0.0025   300.00006254219  8.9081049619604e-14  0.8000000000066  0.19999999999331  
 0.0028125   300.00000363072  8.9080319684676e-14  0.80000000000648  0.19999999999344  
 0.003125   300.0000002086  8.9080277306325e-14  0.80000000000648  0.19999999999344  
 0.0034375   300.00000002915  8.9080275085206e-14  0.80000000000648  0.19999999999344  
 0.00375   300.00000002057  8.9080274979071e-14  0.80000000000648  0.19999999999344  
 0.0040625   300.00000002019  8.9080274974411e-14  0.80000000000648  0.19999999999344  
 0.004375   300.00000002017  8.9080274974219e-14  0.80000000000648  0.19999999999344  
 0.0046875   300.00000002017  8.9080274974218e-14  0.80000000000648  0.19999999999344  
 0.005   300.00000002017  8.9080274974218e-14  0.80000000000648  0.19999999999344  
 0.0053125   300.00000002017  8.9080274974218e-14  0.80000000000648  0.19999999999344  
 0.005625   300.00000002017  8.9080274974218e-14  0.80000000000648  0.19999999999344  
 0.0059375   300.00000002017  8.9080274974218e-14  0.80000000000648  0.19999999999344  
 0.00625   300.00000002017  8.9080274974218e-14  0.80000000000648  0.19999999999344  
 0.0065625   300.00000002017  8.9080274974218e-14  0.80000000000648  0.19999999999344  
 0.006875   300.00000002017  8.9080274974218e-14  0.80000000000648  0.19999999999344  
 0.0071875   300.00000002017  8.9080274974218e-14  0.80000000000648  0.19999999999344  
 0.0075   300.00000002017  8.9080274974218e-14  0.80000000000648  0.19999999999344  
 0.0078125   300.00000002017  8.9080274974218e-14  0.80000000000648  0.19999999999344  
 0.008125   300.00000002017  8.9080274974218e-14  0.80000000000648  0.19999999999344  
 0.0084375   300.00000002017  8.9080274974218e-14  0.80000000000648  0.19999999999344  
 0.00875   300.00000002017  8.9080274974218e-14  0.80000000000648  0.19999999999344  
 0.0090625   300.00000002017  8.9080274974218e-14  0.80000000000648  0.19999999999344  
 0.009375   300.00000002017  8.9080274974218e-14  0.80000000000648  0.19999999999344  
 0.0096875   300.00000002017  8.9080274974218e-14  0.80000000000648  0.19999999999344  
 0.01   300.00000002017  8.9080274974218e-14  0.80000000000648  0.19999999999344  
 0.0103125   300.00000002017  8.9080274974218e-14  0.80000000000648  0.19999999999344  
 0.010625   300.00000002017  8.9080274974218e-14  0.80000000000648  0.19999999999344  
 0.0109375   300.00000002017  8.9080274974218e-14  0.80000000000648  0.19999999999344  
 0.01125   300.00000002017  8.9080274974218e-14  0.80000000000648  0.19999999999344  
 0.0115625   300.00000002017  8.9080274974218e-14  0.80000000000648  0.19999999999344  
 0.011875   300.00000002017  8.9080274974218e-14  0.80000000000648  0.19999999999344  
 0.0121875   300.00000002017  8.9080274974218e-14  0.80000000000648  0.19999999999344  
 0.0125   300.00000002017  8.9080274974218e-14  0.80000000000648  0.19999999999344  
 0.0128125   300.00000002017  8.9080274974218e-14  0.80000000000648  0.19999999999344  
 0.013125   300.00000002017  8.9080274974218e-14  0.80000000000648  0.19999999999344  
 0.0134375   300.00000002017  8.9080274974218e-14  0.80000000000648  0.19999999999344  
 0.01375   300.00000002017  8.9080274974218e-14  0.80000000000648  0.19999999999344  
 0.0140625   300.00000002017  8.9080274974218e-14  0.80000000000648  0.19999999999344  
 0.014375   300.00000002017  8.9080274974218e-14  0.80000000000648  0.19999999999344  
 0.0146875   300.00000002017  8.9080274974218e-14  0.80000000000648  0.19999999999344  
 0.015   300.00000002017  8.9080274974218e-14  0.80000000000648  0.19999999999344  
 0.0153125   300.00000002017  8.9080274974218e-14  0.80000000000648  0.19999999999344  
 0.015625   300.00000002017  8.9080274974218e-14  0.80000000000648  0.19999999999344  
 0.0159375   300.00000002017  8.9080274974218e-14  0.80000000000648  0.19999999999344  
 0.01625   300.00000002017  8.9080274974218e-14  0.80000000000648  0.19999999999344  
 0.0165625   300.00000002017  8.9080274974218e-14  0.80000000000648  0.19999999999344  
 0.016875   300.00000002017  8.9080274974218e-14  0.80000000000648  0.19999999999344  
 0.0171875   300.00000002017  8.9080274974218e-14  0.80000000000648  0.19999999999344  
 0.0175   300.00000002017  8.9080274974218e-14  0.80000000000648  0.19999999999344  
 0.0178125   300.00000002017  8.9080274974218e-14  0.80000000000648  0.19999999999344  
 0.018125   300.00000002017  8.9080274974218e-14  0.80000000000648  0.19999999999344  
 0.0184375   300.00000002017  8.9080274974218e-14  0.80000000000648  0.19999999999344  
 0.01875   300.00000002017  8.9080274974218e-14  0.80000000000648  0.19999999999344  
 0.0190625   300.00000002017  8.9080274974218e-14  0.80000000000648  0.19999999999344  
 0.019375   300.00000002017  8.9080274974218e-14  0.80000000000648  0.19999999999344  
 0.0196875   300.00000002017  8.9080274974218e-14  0.80000000000648  0.19999999999344  
 0.02   300  0  0.8  0.2  
