# TIME: 0.00112
#  x     Variables:...

 0   1000  0  0.8  0.2  
 0.0003125   1126.0017470264  0.0055560326932792  0.99345427967644  0.00099000696939361  
 0.000625   1028.3617513283  0.00285726815106  0.99693331428132  0.00020940881953488  
 0.0009375   588.51745870469  1.3981309677451e-05  0.84869145582514  0.15129454001283  
 0.00125   368.84845689254  7.4723655082685e-08  0.80713554770058  0.19286437757153  
 0.0015625   314.18867424363  2.5639920264173e-10  0.80084490884  0.19915509090359  
 0.001875   302.69913200012  8.7423725850445e-13  0.80008737702306  0.19991262297607  
 0.0021875   300.47267914845  9.7243193206114e-14  0.80000806628876  0.19999193371115  
 0.0025   300.07566511524  9.0030707482471e-14  0.8000006696665  0.19999933033342  
 0.0028125   300.01105482693  8.9217660633092e-14  0.80000005039428  0.19999994960564  
 0.003125   300.0014775598  8.909862090582e-14  0.80000000348553  0.1999999965144  
 0.0034375   300.00018145226  8.9082527205204e-14  0.80000000023802  0.1999999997619  
 0.00375   300.00002061173  8.9080530542248e-14  0.80000000003021  0.19999999996972  
 0.0040625   300.00000221597  8.9080302218264e-14  0.80000000001778  0.19999999998215  
 0.004375   300.0000002668  8.9080278029875e-14  0.80000000001708  0.19999999998285  
 0.0046875   300.00000007452  8.9080275644257e-14  0.80000000001705  0.19999999998289  
 0.005   300.00000005678  8.9080275424217e-14  0.80000000001705  0.19999999998289  
 0.0053125   300.00000005525  8.9080275405149e-14  0.80000000001705  0.19999999998289  
 0.005625   300.00000005512  8.9080275403592e-14  0.80000000001705  0.19999999998289  
 0.0059375   300.00000005511  8.9080275403475e-14  0.80000000001705  0.19999999998289  
 0.00625   300.00000005511  8.9080275403474e-14  0.80000000001705  0.19999999998289  
 0.0065625   300.00000005511  8.9080275403474e-14  0.80000000001705  0.19999999998289  
 0.006875   300.00000005511  8.9080275403474e-14  0.80000000001705  0.19999999998289  
 0.0071875   300.00000005511  8.9080275403474e-14  0.80000000001705  0.19999999998289  
 0.0075   300.00000005511  8.9080275403474e-14  0.80000000001705  0.19999999998289  
 0.0078125   300.00000005511  8.9080275403474e-14  0.80000000001705  0.19999999998289  
 0.008125   300.00000005511  8.9080275403474e-14  0.80000000001705  0.19999999998289  
 0.0084375   300.00000005511  8.9080275403474e-14  0.80000000001705  0.19999999998289  
 0.00875   300.00000005511  8.9080275403474e-14  0.80000000001705  0.19999999998289  
 0.0090625   300.00000005511  8.9080275403474e-14  0.80000000001705  0.19999999998289  
 0.009375   300.00000005511  8.9080275403474e-14  0.80000000001705  0.19999999998289  
 0.0096875   300.00000005511  8.9080275403474e-14  0.80000000001705  0.19999999998289  
 0.01   300.00000005511  8.9080275403474e-14  0.80000000001705  0.19999999998289  
 0.0103125   300.00000005511  8.9080275403474e-14  0.80000000001705  0.19999999998289  
 0.010625   300.00000005511  8.9080275403474e-14  0.80000000001705  0.19999999998289  
 0.0109375   300.00000005511  8.9080275403474e-14  0.80000000001705  0.19999999998289  
 0.01125   300.00000005511  8.9080275403474e-14  0.80000000001705  0.19999999998289  
 0.0115625   300.00000005511  8.9080275403474e-14  0.80000000001705  0.19999999998289  
 0.011875   300.00000005511  8.9080275403474e-14  0.80000000001705  0.19999999998289  
 0.0121875   300.00000005511  8.9080275403474e-14  0.80000000001705  0.19999999998289  
 0.0125   300.00000005511  8.9080275403474e-14  0.80000000001705  0.19999999998289  
 0.0128125   300.00000005511  8.9080275403474e-14  0.80000000001705  0.19999999998289  
 0.013125   300.00000005511  8.9080275403474e-14  0.80000000001705  0.19999999998289  
 0.0134375   300.00000005511  8.9080275403474e-14  0.80000000001705  0.19999999998289  
 0.01375   300.00000005511  8.9080275403474e-14  0.80000000001705  0.19999999998289  
 0.0140625   300.00000005511  8.9080275403474e-14  0.80000000001705  0.19999999998289  
 0.014375   300.00000005511  8.9080275403474e-14  0.80000000001705  0.19999999998289  
 0.0146875   300.00000005511  8.9080275403474e-14  0.80000000001705  0.19999999998289  
 0.015   300.00000005511  8.9080275403474e-14  0.80000000001705  0.19999999998289  
 0.0153125   300.00000005511  8.9080275403474e-14  0.80000000001705  0.19999999998289  
 0.015625   300.00000005511  8.9080275403474e-14  0.80000000001705  0.19999999998289  
 0.0159375   300.00000005511  8.9080275403474e-14  0.80000000001705  0.19999999998289  
 0.01625   300.00000005511  8.9080275403474e-14  0.80000000001705  0.19999999998289  
 0.0165625   300.00000005511  8.9080275403474e-14  0.80000000001705  0.19999999998289  
 0.016875   300.00000005511  8.9080275403474e-14  0.80000000001705  0.19999999998289  
 0.0171875   300.00000005511  8.9080275403474e-14  0.80000000001705  0.19999999998289  
 0.0175   300.00000005511  8.9080275403474e-14  0.80000000001705  0.19999999998289  
 0.0178125   300.00000005511  8.9080275403474e-14  0.80000000001705  0.19999999998289  
 0.018125   300.00000005511  8.9080275403474e-14  0.80000000001705  0.19999999998289  
 0.0184375   300.00000005511  8.9080275403474e-14  0.80000000001705  0.19999999998289  
 0.01875   300.00000005511  8.9080275403474e-14  0.80000000001705  0.19999999998289  
 0.0190625   300.00000005511  8.9080275403474e-14  0.80000000001705  0.19999999998289  
 0.019375   300.00000005511  8.9080275403474e-14  0.80000000001705  0.19999999998289  
 0.0196875   300.00000005511  8.9080275403474e-14  0.80000000001705  0.19999999998289  
 0.02   300  0  0.8  0.2  
