# TIME: 0.00034
#  x     Variables:...

 0   1000  0  0.8  0.2  
 0.0003125   563.70072016291  2.3713470991424e-06  0.80021748905597  0.19978013959764  
 0.000625   352.25172435734  1.0918709284639e-08  0.80000832431242  0.19999166476869  
 0.0009375   306.97392475774  3.2643572917604e-11  0.80000028913365  0.1999997108337  
 0.00125   300.7094017556  1.8631279265935e-13  0.80000000923819  0.19999999076162  
 0.0015625   300.05848417721  9.0045464486194e-14  0.80000000027835  0.19999999972157  
 0.001875   300.00405550236  8.9131190087983e-14  0.8000000000128  0.19999999998711  
 0.0021875   300.00024275474  8.9083283117853e-14  0.80000000000546  0.19999999999445  
 0.0025   300.00001280097  8.9080433175659e-14  0.80000000000528  0.19999999999464  
 0.0028125   300.00000061761  8.908028236491e-14  0.80000000000527  0.19999999999465  
 0.003125   300.00000004176  8.9080275241311e-14  0.80000000000527  0.19999999999465  
 0.0034375   300.00000001717  8.9080274937422e-14  0.80000000000527  0.19999999999465  
 0.00375   300.00000001622  8.9080274925595e-14  0.80000000000527  0.19999999999465  
 0.0040625   300.00000001618  8.9080274925169e-14  0.80000000000527  0.19999999999465  
 0.004375   300.00000001618  8.908027492516e-14  0.80000000000527  0.19999999999465  
 0.0046875   300.00000001618  8.908027492516e-14  0.80000000000527  0.19999999999465  
 0.005   300.00000001618  8.908027492516e-14  0.80000000000527  0.19999999999465  
 0.0053125   300.00000001618  8.908027492516e-14  0.80000000000527  0.19999999999465  
 0.005625   300.00000001618  8.908027492516e-14  0.80000000000527  0.19999999999465  
 0.0059375   300.00000001618  8.908027492516e-14  0.80000000000527  0.19999999999465  
 0.00625   300.00000001618  8.908027492516e-14  0.80000000000527  0.19999999999465  
 0.0065625   300.00000001618  8.908027492516e-14  0.80000000000527  0.19999999999465  
 0.006875   300.00000001618  8.908027492516e-14  0.80000000000527  0.19999999999465  
 0.0071875   300.00000001618  8.908027492516e-14  0.80000000000527  0.19999999999465  
 0.0075   300.00000001618  8.908027492516e-14  0.80000000000527  0.19999999999465  
 0.0078125   300.00000001618  8.908027492516e-14  0.80000000000527  0.19999999999465  
 0.008125   300.00000001618  8.908027492516e-14  0.80000000000527  0.19999999999465  
 0.0084375   300.00000001618  8.908027492516e-14  0.80000000000527  0.19999999999465  
 0.00875   300.00000001618  8.908027492516e-14  0.80000000000527  0.19999999999465  
 0.0090625   300.00000001618  8.908027492516e-14  0.80000000000527  0.19999999999465  
 0.009375   300.00000001618  8.908027492516e-14  0.80000000000527  0.19999999999465  
 0.0096875   300.00000001618  8.908027492516e-14  0.80000000000527  0.19999999999465  
 0.01   300.00000001618  8.908027492516e-14  0.80000000000527  0.19999999999465  
 0.0103125   300.00000001618  8.908027492516e-14  0.80000000000527  0.19999999999465  
 0.010625   300.00000001618  8.908027492516e-14  0.80000000000527  0.19999999999465  
 0.0109375   300.00000001618  8.908027492516e-14  0.80000000000527  0.19999999999465  
 0.01125   300.00000001618  8.908027492516e-14  0.80000000000527  0.19999999999465  
 0.0115625   300.00000001618  8.908027492516e-14  0.80000000000527  0.19999999999465  
 0.011875   300.00000001618  8.908027492516e-14  0.80000000000527  0.19999999999465  
 0.0121875   300.00000001618  8.908027492516e-14  0.80000000000527  0.19999999999465  
 0.0125   300.00000001618  8.908027492516e-14  0.80000000000527  0.19999999999465  
 0.0128125   300.00000001618  8.908027492516e-14  0.80000000000527  0.19999999999465  
 0.013125   300.00000001618  8.908027492516e-14  0.80000000000527  0.19999999999465  
 0.0134375   300.00000001618  8.908027492516e-14  0.80000000000527  0.19999999999465  
 0.01375   300.00000001618  8.908027492516e-14  0.80000000000527  0.19999999999465  
 0.0140625   300.00000001618  8.908027492516e-14  0.80000000000527  0.19999999999465  
 0.014375   300.00000001618  8.908027492516e-14  0.80000000000527  0.19999999999465  
 0.0146875   300.00000001618  8.908027492516e-14  0.80000000000527  0.19999999999465  
 0.015   300.00000001618  8.908027492516e-14  0.80000000000527  0.19999999999465  
 0.0153125   300.00000001618  8.908027492516e-14  0.80000000000527  0.19999999999465  
 0.015625   300.00000001618  8.908027492516e-14  0.80000000000527  0.19999999999465  
 0.0159375   300.00000001618  8.908027492516e-14  0.80000000000527  0.19999999999465  
 0.01625   300.00000001618  8.908027492516e-14  0.80000000000527  0.19999999999465  
 0.0165625   300.00000001618  8.908027492516e-14  0.80000000000527  0.19999999999465  
 0.016875   300.00000001618  8.908027492516e-14  0.80000000000527  0.19999999999465  
 0.0171875   300.00000001618  8.908027492516e-14  0.80000000000527  0.19999999999465  
 0.0175   300.00000001618  8.908027492516e-14  0.80000000000527  0.19999999999465  
 0.0178125   300.00000001618  8.908027492516e-14  0.80000000000527  0.19999999999465  
 0.018125   300.00000001618  8.908027492516e-14  0.80000000000527  0.19999999999465  
 0.0184375   300.00000001618  8.908027492516e-14  0.80000000000527  0.19999999999465  
 0.01875   300.00000001618  8.908027492516e-14  0.80000000000527  0.19999999999465  
 0.0190625   300.00000001618  8.908027492516e-14  0.80000000000527  0.19999999999465  
 0.019375   300.00000001618  8.908027492516e-14  0.80000000000527  0.19999999999465  
 0.0196875   300.00000001618  8.908027492516e-14  0.80000000000527  0.19999999999465  
 0.02   300  0  0.8  0.2  
