# TIME: 0.0026
#  x     Variables:...

 0   1000  0  0.8  0.2  
 0.0003125   1178.2131222096  0.0075263646353007  0.9917808235539  0.00069385215523309  
 0.000625   1146.1469750758  0.0034323801151196  0.99648232307703  8.5349759872435e-05  
 0.0009375   1078.5136520175  0.0015234609100336  0.9983957913634  8.0775331179732e-05  
 0.00125   996.13521738605  0.00071295765503558  0.99918113290513  0.00010592837609467  
 0.0015625   925.81417534914  0.00084969917974102  0.99887640344142  0.00027387952911457  
 0.001875   641.51817810729  2.0282249987737e-05  0.88155910525322  0.11842059347696  
 0.0021875   423.5855129034  1.1639765075877e-07  0.82309933638227  0.17690054721425  
 0.0025   338.16707730174  5.1866860774906e-10  0.80583499472431  0.19416500475701  
 0.0028125   310.72663797344  2.0403486463426e-12  0.80135176060006  0.19864823939791  
 0.003125   302.79490780838  1.3592686000887e-13  0.80028827270509  0.19971172729479  
 0.0034375   300.68068343022  9.7926771290237e-14  0.80005676150712  0.1999432384928  
 0.00375   300.15582535404  9.1032250144563e-14  0.80001036514691  0.19998963485302  
 0.0040625   300.0336753722  8.949881461856e-14  0.80000176356134  0.1999982364386  
 0.004375   300.00689321779  8.9165824895296e-14  0.80000028080188  0.19999971919806  
 0.0046875   300.00134010617  8.9096905157497e-14  0.80000004202799  0.19999995797194  
 0.005   300.00024804061  8.9083353306506e-14  0.80000000595885  0.19999999404109  
 0.0053125   300.00004386057  8.9080819172277e-14  0.80000000082855  0.19999999917139  
 0.005625   300.00000749563  8.9080367766398e-14  0.80000000013915  0.1999999998608  
 0.0059375   300.00000131565  8.9080291044226e-14  0.80000000005136  0.1999999999486  
 0.00625   300.00000031201  8.908027858362e-14  0.80000000004075  0.19999999995922  
 0.0065625   300.00000015604  8.9080276647102e-14  0.80000000003953  0.19999999996044  
 0.006875   300.00000013282  8.9080276358738e-14  0.8000000000394  0.19999999996057  
 0.0071875   300.0000001295  8.9080276317537e-14  0.8000000000394  0.19999999996059  
 0.0075   300.00000012904  8.9080276311881e-14  0.8000000000394  0.19999999996059  
 0.0078125   300.00000012898  8.9080276311133e-14  0.8000000000394  0.19999999996059  
 0.008125   300.00000012897  8.9080276311045e-14  0.8000000000394  0.19999999996059  
 0.0084375   300.00000012897  8.9080276311044e-14  0.8000000000394  0.19999999996059  
 0.00875   300.00000012897  8.9080276311044e-14  0.8000000000394  0.19999999996059  
 0.0090625   300.00000012897  8.9080276311044e-14  0.8000000000394  0.19999999996059  
 0.009375   300.00000012897  8.9080276311044e-14  0.8000000000394  0.19999999996059  
 0.0096875   300.00000012897  8.9080276311044e-14  0.8000000000394  0.19999999996059  
 0.01   300.00000012897  8.9080276311044e-14  0.8000000000394  0.19999999996059  
 0.0103125   300.00000012897  8.9080276311044e-14  0.8000000000394  0.19999999996059  
 0.010625   300.00000012897  8.9080276311044e-14  0.8000000000394  0.19999999996059  
 0.0109375   300.00000012897  8.9080276311044e-14  0.8000000000394  0.19999999996059  
 0.01125   300.00000012897  8.9080276311044e-14  0.8000000000394  0.19999999996059  
 0.0115625   300.00000012897  8.9080276311044e-14  0.8000000000394  0.19999999996059  
 0.011875   300.00000012897  8.9080276311044e-14  0.8000000000394  0.19999999996059  
 0.0121875   300.00000012897  8.9080276311044e-14  0.8000000000394  0.19999999996059  
 0.0125   300.00000012897  8.9080276311044e-14  0.8000000000394  0.19999999996059  
 0.0128125   300.00000012897  8.9080276311044e-14  0.8000000000394  0.19999999996059  
 0.013125   300.00000012897  8.9080276311044e-14  0.8000000000394  0.19999999996059  
 0.0134375   300.00000012897  8.9080276311044e-14  0.8000000000394  0.19999999996059  
 0.01375   300.00000012897  8.9080276311044e-14  0.8000000000394  0.19999999996059  
 0.0140625   300.00000012897  8.9080276311044e-14  0.8000000000394  0.19999999996059  
 0.014375   300.00000012897  8.9080276311044e-14  0.8000000000394  0.19999999996059  
 0.0146875   300.00000012897  8.9080276311044e-14  0.8000000000394  0.19999999996059  
 0.015   300.00000012897  8.9080276311044e-14  0.8000000000394  0.19999999996059  
 0.0153125   300.00000012897  8.9080276311044e-14  0.8000000000394  0.19999999996059  
 0.015625   300.00000012897  8.9080276311044e-14  0.8000000000394  0.19999999996059  
 0.0159375   300.00000012897  8.9080276311044e-14  0.8000000000394  0.19999999996059  
 0.01625   300.00000012897  8.9080276311044e-14  0.8000000000394  0.19999999996059  
 0.0165625   300.00000012897  8.9080276311044e-14  0.8000000000394  0.19999999996059  
 0.016875   300.00000012897  8.9080276311044e-14  0.8000000000394  0.19999999996059  
 0.0171875   300.00000012897  8.9080276311044e-14  0.8000000000394  0.19999999996059  
 0.0175   300.00000012897  8.9080276311044e-14  0.8000000000394  0.19999999996059  
 0.0178125   300.00000012897  8.9080276311044e-14  0.8000000000394  0.19999999996059  
 0.018125   300.00000012897  8.9080276311044e-14  0.8000000000394  0.19999999996059  
 0.0184375   300.00000012897  8.9080276311044e-14  0.8000000000394  0.19999999996059  
 0.01875   300.00000012897  8.9080276311044e-14  0.8000000000394  0.19999999996059  
 0.0190625   300.00000012897  8.9080276311044e-14  0.8000000000394  0.19999999996059  
 0.019375   300.00000012897  8.9080276311044e-14  0.8000000000394  0.19999999996059  
 0.0196875   300.00000012897  8.9080276311044e-14  0.8000000000394  0.19999999996059  
 0.02   300  0  0.8  0.2  
