# TIME: 0.0017
#  x     Variables:...

 0   1000  0  0.8  0.2  
 0.0003125   1154.0140747439  0.0065973355393287  0.99259024097254  0.00081301295534347  
 0.000625   1084.6287261035  0.0025698793156328  0.99731139976459  0.00011877285619092  
 0.0009375   978.63448717331  0.0013824323192222  0.99840985759477  0.00020771354971169  
 0.00125   683.43628019888  4.6887766827881e-05  0.88494385878713  0.11500921601751  
 0.0015625   425.15594715077  2.5399313880215e-07  0.82036966515039  0.17963008084426  
 0.001875   332.79721202726  1.0538560950251e-09  0.80401226570057  0.19598773324554  
 0.0021875   307.62274058572  3.4788874333528e-12  0.80068689287067  0.19931310712585  
 0.0025   301.63012529499  1.2081233186893e-13  0.80010506641319  0.1998949335867  
 0.0028125   300.32437850804  9.3220208025823e-14  0.80001453855083  0.19998546144908  
 0.003125   300.06029979814  8.9831721333337e-14  0.80000183440634  0.19999816559358  
 0.0034375   300.01049318106  8.9210613761057e-14  0.80000021256897  0.19999978743096  
 0.00375   300.00171201066  8.9101530647846e-14  0.80000002279427  0.19999997720566  
 0.0040625   300.0002623286  8.9083531643103e-14  0.80000000229487  0.19999999770506  
 0.004375   300.00003786628  8.908074483959e-14  0.80000000023732  0.19999999976262  
 0.0046875   300.00000521323  8.9080339437282e-14  0.80000000004432  0.19999999995562  
 0.005   300.00000074154  8.9080283921226e-14  0.80000000002732  0.19999999997262  
 0.0053125   300.00000016381  8.908027674914e-14  0.80000000002591  0.19999999997403  
 0.005625   300.00000009323  8.9080275873017e-14  0.80000000002581  0.19999999997414  
 0.0059375   300.00000008506  8.9080275771583e-14  0.80000000002581  0.19999999997415  
 0.00625   300.00000008416  8.9080275760427e-14  0.80000000002581  0.19999999997415  
 0.0065625   300.00000008407  8.9080275759259e-14  0.80000000002581  0.19999999997415  
 0.006875   300.00000008406  8.9080275759143e-14  0.80000000002581  0.19999999997415  
 0.0071875   300.00000008406  8.9080275759143e-14  0.80000000002581  0.19999999997415  
 0.0075   300.00000008406  8.9080275759143e-14  0.80000000002581  0.19999999997415  
 0.0078125   300.00000008406  8.9080275759143e-14  0.80000000002581  0.19999999997415  
 0.008125   300.00000008406  8.9080275759143e-14  0.80000000002581  0.19999999997415  
 0.0084375   300.00000008406  8.9080275759143e-14  0.80000000002581  0.19999999997415  
 0.00875   300.00000008406  8.9080275759143e-14  0.80000000002581  0.19999999997415  
 0.0090625   300.00000008406  8.9080275759143e-14  0.80000000002581  0.19999999997415  
 0.009375   300.00000008406  8.9080275759143e-14  0.80000000002581  0.19999999997415  
 0.0096875   300.00000008406  8.9080275759143e-14  0.80000000002581  0.19999999997415  
 0.01   300.00000008406  8.9080275759143e-14  0.80000000002581  0.19999999997415  
 0.0103125   300.00000008406  8.9080275759143e-14  0.80000000002581  0.19999999997415  
 0.010625   300.00000008406  8.9080275759143e-14  0.80000000002581  0.19999999997415  
 0.0109375   300.00000008406  8.9080275759143e-14  0.80000000002581  0.19999999997415  
 0.01125   300.00000008406  8.9080275759143e-14  0.80000000002581  0.19999999997415  
 0.0115625   300.00000008406  8.9080275759143e-14  0.80000000002581  0.19999999997415  
 0.011875   300.00000008406  8.9080275759143e-14  0.80000000002581  0.19999999997415  
 0.0121875   300.00000008406  8.9080275759143e-14  0.80000000002581  0.19999999997415  
 0.0125   300.00000008406  8.9080275759143e-14  0.80000000002581  0.19999999997415  
 0.0128125   300.00000008406  8.9080275759143e-14  0.80000000002581  0.19999999997415  
 0.013125   300.00000008406  8.9080275759143e-14  0.80000000002581  0.19999999997415  
 0.0134375   300.00000008406  8.9080275759143e-14  0.80000000002581  0.19999999997415  
 0.01375   300.00000008406  8.9080275759143e-14  0.80000000002581  0.19999999997415  
 0.0140625   300.00000008406  8.9080275759143e-14  0.80000000002581  0.19999999997415  
 0.014375   300.00000008406  8.9080275759143e-14  0.80000000002581  0.19999999997415  
 0.0146875   300.00000008406  8.9080275759143e-14  0.80000000002581  0.19999999997415  
 0.015   300.00000008406  8.9080275759143e-14  0.80000000002581  0.19999999997415  
 0.0153125   300.00000008406  8.9080275759143e-14  0.80000000002581  0.19999999997415  
 0.015625   300.00000008406  8.9080275759143e-14  0.80000000002581  0.19999999997415  
 0.0159375   300.00000008406  8.9080275759143e-14  0.80000000002581  0.19999999997415  
 0.01625   300.00000008406  8.9080275759143e-14  0.80000000002581  0.19999999997415  
 0.0165625   300.00000008406  8.9080275759143e-14  0.80000000002581  0.19999999997415  
 0.016875   300.00000008406  8.9080275759143e-14  0.80000000002581  0.19999999997415  
 0.0171875   300.00000008406  8.9080275759143e-14  0.80000000002581  0.19999999997415  
 0.0175   300.00000008406  8.9080275759143e-14  0.80000000002581  0.19999999997415  
 0.0178125   300.00000008406  8.9080275759143e-14  0.80000000002581  0.19999999997415  
 0.018125   300.00000008406  8.9080275759143e-14  0.80000000002581  0.19999999997415  
 0.0184375   300.00000008406  8.9080275759143e-14  0.80000000002581  0.19999999997415  
 0.01875   300.00000008406  8.9080275759143e-14  0.80000000002581  0.19999999997415  
 0.0190625   300.00000008406  8.9080275759143e-14  0.80000000002581  0.19999999997415  
 0.019375   300.00000008406  8.9080275759143e-14  0.80000000002581  0.19999999997415  
 0.0196875   300.00000008406  8.9080275759143e-14  0.80000000002581  0.19999999997415  
 0.02   300  0  0.8  0.2  
