# TIME: 0.00068000000000001
#  x     Variables:...

 0   1000  0  0.8  0.2  
 0.0003125   1125.5870929228  0.0065319250957581  0.9925230210854  0.00094509895312174  
 0.000625   520.64502291359  2.4487945374461e-05  0.81727444597536  0.18270105734032  
 0.0009375   345.28601469123  1.1889563892282e-07  0.80086945166863  0.19913042943315  
 0.00125   308.41915528844  3.8507650498859e-10  0.80003938083758  0.19996061877733  
 0.0015625   301.33159296443  1.2258494702363e-12  0.8000018531792  0.19999814681958  
 0.001875   300.17959388346  9.4532625224654e-14  0.8000000909841  0.19999990901581  
 0.0021875   300.02101260335  8.9350610372232e-14  0.80000000446702  0.1999999955329  
 0.0025   300.00216798542  8.9107207598565e-14  0.8000000002214  0.19999999977851  
 0.0028125   300.000199986  8.9082755670143e-14  0.80000000001992  0.19999999998  
 0.003125   300.00001670476  8.9080481881467e-14  0.80000000001081  0.19999999998912  
 0.0034375   300.00000130146  8.9080290857325e-14  0.80000000001042  0.19999999998951  
 0.00375   300.00000012188  8.9080276233278e-14  0.80000000001041  0.19999999998952  
 0.0040625   300.0000000389  8.9080275204834e-14  0.80000000001041  0.19999999998952  
 0.004375   300.0000000335  8.9080275137941e-14  0.80000000001041  0.19999999998952  
 0.0046875   300.00000003317  8.9080275133891e-14  0.80000000001041  0.19999999998952  
 0.005   300.00000003315  8.9080275133658e-14  0.80000000001041  0.19999999998952  
 0.0053125   300.00000003315  8.9080275133657e-14  0.80000000001041  0.19999999998952  
 0.005625   300.00000003315  8.9080275133657e-14  0.80000000001041  0.19999999998952  
 0.0059375   300.00000003315  8.9080275133657e-14  0.80000000001041  0.19999999998952  
 0.00625   300.00000003315  8.9080275133657e-14  0.80000000001041  0.19999999998952  
 0.0065625   300.00000003315  8.9080275133657e-14  0.80000000001041  0.19999999998952  
 0.006875   300.00000003315  8.9080275133657e-14  0.80000000001041  0.19999999998952  
 0.0071875   300.00000003315  8.9080275133657e-14  0.80000000001041  0.19999999998952  
 0.0075   300.00000003315  8.9080275133657e-14  0.80000000001041  0.19999999998952  
 0.0078125   300.00000003315  8.9080275133657e-14  0.80000000001041  0.19999999998952  
 0.008125   300.00000003315  8.9080275133657e-14  0.80000000001041  0.19999999998952  
 0.0084375   300.00000003315  8.9080275133657e-14  0.80000000001041  0.19999999998952  
 0.00875   300.00000003315  8.9080275133657e-14  0.80000000001041  0.19999999998952  
 0.0090625   300.00000003315  8.9080275133657e-14  0.80000000001041  0.19999999998952  
 0.009375   300.00000003315  8.9080275133657e-14  0.80000000001041  0.19999999998952  
 0.0096875   300.00000003315  8.9080275133657e-14  0.80000000001041  0.19999999998952  
 0.01   300.00000003315  8.9080275133657e-14  0.80000000001041  0.19999999998952  
 0.0103125   300.00000003315  8.9080275133657e-14  0.80000000001041  0.19999999998952  
 0.010625   300.00000003315  8.9080275133657e-14  0.80000000001041  0.19999999998952  
 0.0109375   300.00000003315  8.9080275133657e-14  0.80000000001041  0.19999999998952  
 0.01125   300.00000003315  8.9080275133657e-14  0.80000000001041  0.19999999998952  
 0.0115625   300.00000003315  8.9080275133657e-14  0.80000000001041  0.19999999998952  
 0.011875   300.00000003315  8.9080275133657e-14  0.80000000001041  0.19999999998952  
 0.0121875   300.00000003315  8.9080275133657e-14  0.80000000001041  0.19999999998952  
 0.0125   300.00000003315  8.9080275133657e-14  0.80000000001041  0.19999999998952  
 0.0128125   300.00000003315  8.9080275133657e-14  0.80000000001041  0.19999999998952  
 0.013125   300.00000003315  8.9080275133657e-14  0.80000000001041  0.19999999998952  
 0.0134375   300.00000003315  8.9080275133657e-14  0.80000000001041  0.19999999998952  
 0.01375   300.00000003315  8.9080275133657e-14  0.80000000001041  0.19999999998952  
 0.0140625   300.00000003315  8.9080275133657e-14  0.80000000001041  0.19999999998952  
 0.014375   300.00000003315  8.9080275133657e-14  0.80000000001041  0.19999999998952  
 0.0146875   300.00000003315  8.9080275133657e-14  0.80000000001041  0.19999999998952  
 0.015   300.00000003315  8.9080275133657e-14  0.80000000001041  0.19999999998952  
 0.0153125   300.00000003315  8.9080275133657e-14  0.80000000001041  0.19999999998952  
 0.015625   300.00000003315  8.9080275133657e-14  0.80000000001041  0.19999999998952  
 0.0159375   300.00000003315  8.9080275133657e-14  0.80000000001041  0.19999999998952  
 0.01625   300.00000003315  8.9080275133657e-14  0.80000000001041  0.19999999998952  
 0.0165625   300.00000003315  8.9080275133657e-14  0.80000000001041  0.19999999998952  
 0.016875   300.00000003315  8.9080275133657e-14  0.80000000001041  0.19999999998952  
 0.0171875   300.00000003315  8.9080275133657e-14  0.80000000001041  0.19999999998952  
 0.0175   300.00000003315  8.9080275133657e-14  0.80000000001041  0.19999999998952  
 0.0178125   300.00000003315  8.9080275133657e-14  0.80000000001041  0.19999999998952  
 0.018125   300.00000003315  8.9080275133657e-14  0.80000000001041  0.19999999998952  
 0.0184375   300.00000003315  8.9080275133657e-14  0.80000000001041  0.19999999998952  
 0.01875   300.00000003315  8.9080275133657e-14  0.80000000001041  0.19999999998952  
 0.0190625   300.00000003315  8.9080275133657e-14  0.80000000001041  0.19999999998952  
 0.019375   300.00000003315  8.9080275133657e-14  0.80000000001041  0.19999999998952  
 0.0196875   300.00000003315  8.9080275133657e-14  0.80000000001041  0.19999999998952  
 0.02   300  0  0.8  0.2  
