# TIME: 0.00152
#  x     Variables:...

 0   1000  0  0.8  0.2  
 0.0003125   1146.1178709443  0.0063238606125356  0.99281936229578  0.00085728046335687  
 0.000625   1062.6557135368  0.0024143578779569  0.99744588103074  0.00013981288794232  
 0.0009375   983.10285444434  0.0018931362206828  0.99786439931455  0.00024242861184284  
 0.00125   569.47991601381  9.5216770443825e-06  0.85169054432677  0.14829992056146  
 0.0015625   371.3593761363  5.2161251112828e-08  0.80965202127324  0.19034792656298  
 0.001875   316.63289971155  1.8640024452912e-10  0.80159328268623  0.19840671712736  
 0.0021875   303.55618746646  6.9645635194355e-13  0.80023516839801  0.19976483160129  
 0.0025   300.70319491973  9.9805479697321e-14  0.80003101490444  0.19996898509546  
 0.0028125   300.12916949221  9.0702124230476e-14  0.80000368233543  0.19999631766449  
 0.003125   300.02209344649  8.9354959284838e-14  0.80000039774005  0.19999960225987  
 0.0034375   300.00352333238  8.9124027326322e-14  0.80000003948115  0.19999996051878  
 0.00375   300.00052460232  8.9086788135817e-14  0.80000000364778  0.19999999635215  
 0.0040625   300.00007310446  8.9081182328223e-14  0.80000000033338  0.19999999966655  
 0.004375   300.00000960537  8.908039396175e-14  0.80000000004796  0.19999999995197  
 0.0046875   300.00000124378  8.9080290156209e-14  0.80000000002495  0.19999999997499  
 0.005   300.00000021012  8.9080277324888e-14  0.80000000002321  0.19999999997673  
 0.0053125   300.00000008982  8.908027583172e-14  0.80000000002309  0.19999999997686  
 0.005625   300.0000000766  8.9080275667671e-14  0.80000000002309  0.19999999997686  
 0.0059375   300.00000007522  8.9080275650609e-14  0.80000000002309  0.19999999997686  
 0.00625   300.00000007509  8.9080275648923e-14  0.80000000002309  0.19999999997686  
 0.0065625   300.00000007507  8.9080275648764e-14  0.80000000002309  0.19999999997686  
 0.006875   300.00000007507  8.9080275648764e-14  0.80000000002309  0.19999999997686  
 0.0071875   300.00000007507  8.9080275648764e-14  0.80000000002309  0.19999999997686  
 0.0075   300.00000007507  8.9080275648764e-14  0.80000000002309  0.19999999997686  
 0.0078125   300.00000007507  8.9080275648764e-14  0.80000000002309  0.19999999997686  
 0.008125   300.00000007507  8.9080275648764e-14  0.80000000002309  0.19999999997686  
 0.0084375   300.00000007507  8.9080275648764e-14  0.80000000002309  0.19999999997686  
 0.00875   300.00000007507  8.9080275648764e-14  0.80000000002309  0.19999999997686  
 0.0090625   300.00000007507  8.9080275648764e-14  0.80000000002309  0.19999999997686  
 0.009375   300.00000007507  8.9080275648764e-14  0.80000000002309  0.19999999997686  
 0.0096875   300.00000007507  8.9080275648764e-14  0.80000000002309  0.19999999997686  
 0.01   300.00000007507  8.9080275648764e-14  0.80000000002309  0.19999999997686  
 0.0103125   300.00000007507  8.9080275648764e-14  0.80000000002309  0.19999999997686  
 0.010625   300.00000007507  8.9080275648764e-14  0.80000000002309  0.19999999997686  
 0.0109375   300.00000007507  8.9080275648764e-14  0.80000000002309  0.19999999997686  
 0.01125   300.00000007507  8.9080275648764e-14  0.80000000002309  0.19999999997686  
 0.0115625   300.00000007507  8.9080275648764e-14  0.80000000002309  0.19999999997686  
 0.011875   300.00000007507  8.9080275648764e-14  0.80000000002309  0.19999999997686  
 0.0121875   300.00000007507  8.9080275648764e-14  0.80000000002309  0.19999999997686  
 0.0125   300.00000007507  8.9080275648764e-14  0.80000000002309  0.19999999997686  
 0.0128125   300.00000007507  8.9080275648764e-14  0.80000000002309  0.19999999997686  
 0.013125   300.00000007507  8.9080275648764e-14  0.80000000002309  0.19999999997686  
 0.0134375   300.00000007507  8.9080275648764e-14  0.80000000002309  0.19999999997686  
 0.01375   300.00000007507  8.9080275648764e-14  0.80000000002309  0.19999999997686  
 0.0140625   300.00000007507  8.9080275648764e-14  0.80000000002309  0.19999999997686  
 0.014375   300.00000007507  8.9080275648764e-14  0.80000000002309  0.19999999997686  
 0.0146875   300.00000007507  8.9080275648764e-14  0.80000000002309  0.19999999997686  
 0.015   300.00000007507  8.9080275648764e-14  0.80000000002309  0.19999999997686  
 0.0153125   300.00000007507  8.9080275648764e-14  0.80000000002309  0.19999999997686  
 0.015625   300.00000007507  8.9080275648764e-14  0.80000000002309  0.19999999997686  
 0.0159375   300.00000007507  8.9080275648764e-14  0.80000000002309  0.19999999997686  
 0.01625   300.00000007507  8.9080275648764e-14  0.80000000002309  0.19999999997686  
 0.0165625   300.00000007507  8.9080275648764e-14  0.80000000002309  0.19999999997686  
 0.016875   300.00000007507  8.9080275648764e-14  0.80000000002309  0.19999999997686  
 0.0171875   300.00000007507  8.9080275648764e-14  0.80000000002309  0.19999999997686  
 0.0175   300.00000007507  8.9080275648764e-14  0.80000000002309  0.19999999997686  
 0.0178125   300.00000007507  8.9080275648764e-14  0.80000000002309  0.19999999997686  
 0.018125   300.00000007507  8.9080275648764e-14  0.80000000002309  0.19999999997686  
 0.0184375   300.00000007507  8.9080275648764e-14  0.80000000002309  0.19999999997686  
 0.01875   300.00000007507  8.9080275648764e-14  0.80000000002309  0.19999999997686  
 0.0190625   300.00000007507  8.9080275648764e-14  0.80000000002309  0.19999999997686  
 0.019375   300.00000007507  8.9080275648764e-14  0.80000000002309  0.19999999997686  
 0.0196875   300.00000007507  8.9080275648764e-14  0.80000000002309  0.19999999997686  
 0.02   300  0  0.8  0.2  
