# TIME: 0.00246
#  x     Variables:...

 0   1000  0  0.8  0.2  
 0.0003125   1175.4812857762  0.0074192860306033  0.99187563591406  0.0007060465995011  
 0.000625   1138.9277884895  0.0033148395110983  0.99659681094228  8.8402347202416e-05  
 0.0009375   1066.2580102509  0.0014349051339764  0.99847822739233  8.6895060736522e-05  
 0.00125   976.42389768577  0.00070992303012369  0.99915486516913  0.00013523080304235  
 0.0015625   936.06048389555  0.0012898662728827  0.99772821200898  0.00098188001764612  
 0.001875   567.5266168815  7.44500707319e-06  0.85870524271273  0.14128730810677  
 0.0021875   387.24598875185  4.2791577919646e-08  0.81505524800845  0.18494470919838  
 0.0025   325.57291861511  1.7133635070429e-10  0.80359826916134  0.19640173066733  
 0.0028125   306.86140636892  7.5514531369546e-13  0.80078747040579  0.19921252959346  
 0.003125   301.70617049337  1.1437164444534e-13  0.80015782755594  0.19984217244396  
 0.0034375   300.39672294373  9.4135477126452e-14  0.80002914200326  0.19997085799666  
 0.00375   300.0867623052  9.0162350368566e-14  0.80000498622898  0.19999501377094  
 0.0040625   300.01791821083  8.9302793194545e-14  0.80000079454094  0.199999205459  
 0.004375   300.00350501922  8.9123773970758e-14  0.80000011845183  0.19999988154811  
 0.0046875   300.00065101825  8.9088354694706e-14  0.80000001661099  0.19999998338894  
 0.005   300.00011510792  8.9081703556242e-14  0.80000000222356  0.19999999777638  
 0.0053125   300.00001947694  8.9080516507307e-14  0.80000000030996  0.19999999968999  
 0.005625   300.00000323079  8.9080314822174e-14  0.80000000006951  0.19999999993044  
 0.0059375   300.00000059912  8.9080282149225e-14  0.80000000004088  0.19999999995908  
 0.00625   300.00000019205  8.9080277095123e-14  0.80000000003765  0.19999999996231  
 0.0065625   300.00000013184  8.9080276347572e-14  0.80000000003731  0.19999999996266  
 0.006875   300.00000012332  8.9080276241694e-14  0.80000000003728  0.19999999996269  
 0.0071875   300.00000012216  8.9080276227318e-14  0.80000000003728  0.1999999999627  
 0.0075   300.00000012201  8.9080276225443e-14  0.80000000003728  0.1999999999627  
 0.0078125   300.00000012199  8.9080276225193e-14  0.80000000003728  0.1999999999627  
 0.008125   300.00000012199  8.9080276225192e-14  0.80000000003728  0.1999999999627  
 0.0084375   300.00000012199  8.9080276225192e-14  0.80000000003728  0.1999999999627  
 0.00875   300.00000012199  8.9080276225192e-14  0.80000000003728  0.1999999999627  
 0.0090625   300.00000012199  8.9080276225192e-14  0.80000000003728  0.1999999999627  
 0.009375   300.00000012199  8.9080276225192e-14  0.80000000003728  0.1999999999627  
 0.0096875   300.00000012199  8.9080276225192e-14  0.80000000003728  0.1999999999627  
 0.01   300.00000012199  8.9080276225192e-14  0.80000000003728  0.1999999999627  
 0.0103125   300.00000012199  8.9080276225192e-14  0.80000000003728  0.1999999999627  
 0.010625   300.00000012199  8.9080276225192e-14  0.80000000003728  0.1999999999627  
 0.0109375   300.00000012199  8.9080276225192e-14  0.80000000003728  0.1999999999627  
 0.01125   300.00000012199  8.9080276225192e-14  0.80000000003728  0.1999999999627  
 0.0115625   300.00000012199  8.9080276225192e-14  0.80000000003728  0.1999999999627  
 0.011875   300.00000012199  8.9080276225192e-14  0.80000000003728  0.1999999999627  
 0.0121875   300.00000012199  8.9080276225192e-14  0.80000000003728  0.1999999999627  
 0.0125   300.00000012199  8.9080276225192e-14  0.80000000003728  0.1999999999627  
 0.0128125   300.00000012199  8.9080276225192e-14  0.80000000003728  0.1999999999627  
 0.013125   300.00000012199  8.9080276225192e-14  0.80000000003728  0.1999999999627  
 0.0134375   300.00000012199  8.9080276225192e-14  0.80000000003728  0.1999999999627  
 0.01375   300.00000012199  8.9080276225192e-14  0.80000000003728  0.1999999999627  
 0.0140625   300.00000012199  8.9080276225192e-14  0.80000000003728  0.1999999999627  
 0.014375   300.00000012199  8.9080276225192e-14  0.80000000003728  0.1999999999627  
 0.0146875   300.00000012199  8.9080276225192e-14  0.80000000003728  0.1999999999627  
 0.015   300.00000012199  8.9080276225192e-14  0.80000000003728  0.1999999999627  
 0.0153125   300.00000012199  8.9080276225192e-14  0.80000000003728  0.1999999999627  
 0.015625   300.00000012199  8.9080276225192e-14  0.80000000003728  0.1999999999627  
 0.0159375   300.00000012199  8.9080276225192e-14  0.80000000003728  0.1999999999627  
 0.01625   300.00000012199  8.9080276225192e-14  0.80000000003728  0.1999999999627  
 0.0165625   300.00000012199  8.9080276225192e-14  0.80000000003728  0.1999999999627  
 0.016875   300.00000012199  8.9080276225192e-14  0.80000000003728  0.1999999999627  
 0.0171875   300.00000012199  8.9080276225192e-14  0.80000000003728  0.1999999999627  
 0.0175   300.00000012199  8.9080276225192e-14  0.80000000003728  0.1999999999627  
 0.0178125   300.00000012199  8.9080276225192e-14  0.80000000003728  0.1999999999627  
 0.018125   300.00000012199  8.9080276225192e-14  0.80000000003728  0.1999999999627  
 0.0184375   300.00000012199  8.9080276225192e-14  0.80000000003728  0.1999999999627  
 0.01875   300.00000012199  8.9080276225192e-14  0.80000000003728  0.1999999999627  
 0.0190625   300.00000012199  8.9080276225192e-14  0.80000000003728  0.1999999999627  
 0.019375   300.00000012199  8.9080276225192e-14  0.80000000003728  0.1999999999627  
 0.0196875   300.00000012199  8.9080276225192e-14  0.80000000003728  0.1999999999627  
 0.02   300  0  0.8  0.2  
