# TIME: 0.00078000000000001
#  x     Variables:...

 0   1000  0  0.8  0.2  
 0.0003125   1109.0251491018  0.0058390844631013  0.99309223706902  0.0010688052046992  
 0.000625   621.33482391731  2.6836602334872e-05  0.83914841027708  0.16082472655227  
 0.0009375   372.76988548918  1.4202196107206e-07  0.80379912567813  0.19620073229293  
 0.00125   314.19140270791  4.8294133903325e-10  0.80026821964604  0.199731779871  
 0.0015625   302.45390625011  1.5151090098105e-12  0.80001560453989  0.1999843954586  
 0.001875   300.37166059772  9.770280736474e-14  0.80000081508271  0.19999918491719  
 0.0021875   300.04936645819  8.970625693411e-14  0.80000004053004  0.19999995946988  
 0.0025   300.00580587941  8.9152404116091e-14  0.8000000019872  0.19999999801271  
 0.0028125   300.00061139501  8.9087862281152e-14  0.80000000010685  0.19999999989307  
 0.003125   300.00005827414  8.9080997684092e-14  0.80000000001637  0.19999999998355  
 0.0034375   300.00000510134  8.908033799286e-14  0.80000000001211  0.19999999998781  
 0.00375   300.00000044299  8.9080280214929e-14  0.80000000001192  0.19999999998801  
 0.0040625   300.00000006811  8.9080275566439e-14  0.80000000001192  0.19999999998802  
 0.004375   300.00000004021  8.9080275220561e-14  0.80000000001192  0.19999999998802  
 0.0046875   300.00000003827  8.908027519662e-14  0.80000000001192  0.19999999998802  
 0.005   300.00000003815  8.9080275195069e-14  0.80000000001192  0.19999999998802  
 0.0053125   300.00000003814  8.9080275194979e-14  0.80000000001192  0.19999999998802  
 0.005625   300.00000003814  8.9080275194979e-14  0.80000000001192  0.19999999998802  
 0.0059375   300.00000003814  8.9080275194979e-14  0.80000000001192  0.19999999998802  
 0.00625   300.00000003814  8.9080275194979e-14  0.80000000001192  0.19999999998802  
 0.0065625   300.00000003814  8.9080275194979e-14  0.80000000001192  0.19999999998802  
 0.006875   300.00000003814  8.9080275194979e-14  0.80000000001192  0.19999999998802  
 0.0071875   300.00000003814  8.9080275194979e-14  0.80000000001192  0.19999999998802  
 0.0075   300.00000003814  8.9080275194979e-14  0.80000000001192  0.19999999998802  
 0.0078125   300.00000003814  8.9080275194979e-14  0.80000000001192  0.19999999998802  
 0.008125   300.00000003814  8.9080275194979e-14  0.80000000001192  0.19999999998802  
 0.0084375   300.00000003814  8.9080275194979e-14  0.80000000001192  0.19999999998802  
 0.00875   300.00000003814  8.9080275194979e-14  0.80000000001192  0.19999999998802  
 0.0090625   300.00000003814  8.9080275194979e-14  0.80000000001192  0.19999999998802  
 0.009375   300.00000003814  8.9080275194979e-14  0.80000000001192  0.19999999998802  
 0.0096875   300.00000003814  8.9080275194979e-14  0.80000000001192  0.19999999998802  
 0.01   300.00000003814  8.9080275194979e-14  0.80000000001192  0.19999999998802  
 0.0103125   300.00000003814  8.9080275194979e-14  0.80000000001192  0.19999999998802  
 0.010625   300.00000003814  8.9080275194979e-14  0.80000000001192  0.19999999998802  
 0.0109375   300.00000003814  8.9080275194979e-14  0.80000000001192  0.19999999998802  
 0.01125   300.00000003814  8.9080275194979e-14  0.80000000001192  0.19999999998802  
 0.0115625   300.00000003814  8.9080275194979e-14  0.80000000001192  0.19999999998802  
 0.011875   300.00000003814  8.9080275194979e-14  0.80000000001192  0.19999999998802  
 0.0121875   300.00000003814  8.9080275194979e-14  0.80000000001192  0.19999999998802  
 0.0125   300.00000003814  8.9080275194979e-14  0.80000000001192  0.19999999998802  
 0.0128125   300.00000003814  8.9080275194979e-14  0.80000000001192  0.19999999998802  
 0.013125   300.00000003814  8.9080275194979e-14  0.80000000001192  0.19999999998802  
 0.0134375   300.00000003814  8.9080275194979e-14  0.80000000001192  0.19999999998802  
 0.01375   300.00000003814  8.9080275194979e-14  0.80000000001192  0.19999999998802  
 0.0140625   300.00000003814  8.9080275194979e-14  0.80000000001192  0.19999999998802  
 0.014375   300.00000003814  8.9080275194979e-14  0.80000000001192  0.19999999998802  
 0.0146875   300.00000003814  8.9080275194979e-14  0.80000000001192  0.19999999998802  
 0.015   300.00000003814  8.9080275194979e-14  0.80000000001192  0.19999999998802  
 0.0153125   300.00000003814  8.9080275194979e-14  0.80000000001192  0.19999999998802  
 0.015625   300.00000003814  8.9080275194979e-14  0.80000000001192  0.19999999998802  
 0.0159375   300.00000003814  8.9080275194979e-14  0.80000000001192  0.19999999998802  
 0.01625   300.00000003814  8.9080275194979e-14  0.80000000001192  0.19999999998802  
 0.0165625   300.00000003814  8.9080275194979e-14  0.80000000001192  0.19999999998802  
 0.016875   300.00000003814  8.9080275194979e-14  0.80000000001192  0.19999999998802  
 0.0171875   300.00000003814  8.9080275194979e-14  0.80000000001192  0.19999999998802  
 0.0175   300.00000003814  8.9080275194979e-14  0.80000000001192  0.19999999998802  
 0.0178125   300.00000003814  8.9080275194979e-14  0.80000000001192  0.19999999998802  
 0.018125   300.00000003814  8.9080275194979e-14  0.80000000001192  0.19999999998802  
 0.0184375   300.00000003814  8.9080275194979e-14  0.80000000001192  0.19999999998802  
 0.01875   300.00000003814  8.9080275194979e-14  0.80000000001192  0.19999999998802  
 0.0190625   300.00000003814  8.9080275194979e-14  0.80000000001192  0.19999999998802  
 0.019375   300.00000003814  8.9080275194979e-14  0.80000000001192  0.19999999998802  
 0.0196875   300.00000003814  8.9080275194979e-14  0.80000000001192  0.19999999998802  
 0.02   300  0  0.8  0.2  
