# TIME: 0.00070000000000001
#  x     Variables:...

 0   1000  0  0.8  0.2  
 0.0003125   1121.2158444767  0.00638416137014  0.99264177232392  0.00097412848743046  
 0.000625   541.9106825548  2.2841004885214e-05  0.82169992369095  0.17827722304635  
 0.0009375   349.96562316166  1.1399359263344e-07  0.80128420466824  0.19871568133477  
 0.00125   309.36539293867  3.7308737455845e-10  0.8000624263833  0.1999375732436  
 0.0015625   301.51303028695  1.1939057834699e-12  0.8000029365598  0.19999706343901  
 0.001875   300.2094450803  9.4809776684776e-14  0.80000014172136  0.19999985827855  
 0.0021875   300.02518709712  8.9402316793431e-14  0.80000000693158  0.19999999306834  
 0.0025   300.00267223604  8.9113468631609e-14  0.80000000034244  0.19999999965748  
 0.0028125   300.00025351693  8.9083419999221e-14  0.80000000002599  0.19999999997393  
 0.003125   300.00002177301  8.9080544758127e-14  0.80000000001137  0.19999999998855  
 0.0034375   300.0000017353  8.9080296237693e-14  0.80000000001073  0.19999999998919  
 0.00375   300.00000015656  8.9080276663219e-14  0.80000000001071  0.19999999998922  
 0.0040625   300.0000000423  8.9080275246949e-14  0.80000000001071  0.19999999998922  
 0.004375   300.00000003465  8.9080275152178e-14  0.80000000001071  0.19999999998922  
 0.0046875   300.00000003418  8.9080275146277e-14  0.80000000001071  0.19999999998922  
 0.005   300.00000003415  8.9080275145928e-14  0.80000000001071  0.19999999998922  
 0.0053125   300.00000003415  8.9080275145921e-14  0.80000000001071  0.19999999998922  
 0.005625   300.00000003415  8.9080275145921e-14  0.80000000001071  0.19999999998922  
 0.0059375   300.00000003415  8.9080275145921e-14  0.80000000001071  0.19999999998922  
 0.00625   300.00000003415  8.9080275145921e-14  0.80000000001071  0.19999999998922  
 0.0065625   300.00000003415  8.9080275145921e-14  0.80000000001071  0.19999999998922  
 0.006875   300.00000003415  8.9080275145921e-14  0.80000000001071  0.19999999998922  
 0.0071875   300.00000003415  8.9080275145921e-14  0.80000000001071  0.19999999998922  
 0.0075   300.00000003415  8.9080275145921e-14  0.80000000001071  0.19999999998922  
 0.0078125   300.00000003415  8.9080275145921e-14  0.80000000001071  0.19999999998922  
 0.008125   300.00000003415  8.9080275145921e-14  0.80000000001071  0.19999999998922  
 0.0084375   300.00000003415  8.9080275145921e-14  0.80000000001071  0.19999999998922  
 0.00875   300.00000003415  8.9080275145921e-14  0.80000000001071  0.19999999998922  
 0.0090625   300.00000003415  8.9080275145921e-14  0.80000000001071  0.19999999998922  
 0.009375   300.00000003415  8.9080275145921e-14  0.80000000001071  0.19999999998922  
 0.0096875   300.00000003415  8.9080275145921e-14  0.80000000001071  0.19999999998922  
 0.01   300.00000003415  8.9080275145921e-14  0.80000000001071  0.19999999998922  
 0.0103125   300.00000003415  8.9080275145921e-14  0.80000000001071  0.19999999998922  
 0.010625   300.00000003415  8.9080275145921e-14  0.80000000001071  0.19999999998922  
 0.0109375   300.00000003415  8.9080275145921e-14  0.80000000001071  0.19999999998922  
 0.01125   300.00000003415  8.9080275145921e-14  0.80000000001071  0.19999999998922  
 0.0115625   300.00000003415  8.9080275145921e-14  0.80000000001071  0.19999999998922  
 0.011875   300.00000003415  8.9080275145921e-14  0.80000000001071  0.19999999998922  
 0.0121875   300.00000003415  8.9080275145921e-14  0.80000000001071  0.19999999998922  
 0.0125   300.00000003415  8.9080275145921e-14  0.80000000001071  0.19999999998922  
 0.0128125   300.00000003415  8.9080275145921e-14  0.80000000001071  0.19999999998922  
 0.013125   300.00000003415  8.9080275145921e-14  0.80000000001071  0.19999999998922  
 0.0134375   300.00000003415  8.9080275145921e-14  0.80000000001071  0.19999999998922  
 0.01375   300.00000003415  8.9080275145921e-14  0.80000000001071  0.19999999998922  
 0.0140625   300.00000003415  8.9080275145921e-14  0.80000000001071  0.19999999998922  
 0.014375   300.00000003415  8.9080275145921e-14  0.80000000001071  0.19999999998922  
 0.0146875   300.00000003415  8.9080275145921e-14  0.80000000001071  0.19999999998922  
 0.015   300.00000003415  8.9080275145921e-14  0.80000000001071  0.19999999998922  
 0.0153125   300.00000003415  8.9080275145921e-14  0.80000000001071  0.19999999998922  
 0.015625   300.00000003415  8.9080275145921e-14  0.80000000001071  0.19999999998922  
 0.0159375   300.00000003415  8.9080275145921e-14  0.80000000001071  0.19999999998922  
 0.01625   300.00000003415  8.9080275145921e-14  0.80000000001071  0.19999999998922  
 0.0165625   300.00000003415  8.9080275145921e-14  0.80000000001071  0.19999999998922  
 0.016875   300.00000003415  8.9080275145921e-14  0.80000000001071  0.19999999998922  
 0.0171875   300.00000003415  8.9080275145921e-14  0.80000000001071  0.19999999998922  
 0.0175   300.00000003415  8.9080275145921e-14  0.80000000001071  0.19999999998922  
 0.0178125   300.00000003415  8.9080275145921e-14  0.80000000001071  0.19999999998922  
 0.018125   300.00000003415  8.9080275145921e-14  0.80000000001071  0.19999999998922  
 0.0184375   300.00000003415  8.9080275145921e-14  0.80000000001071  0.19999999998922  
 0.01875   300.00000003415  8.9080275145921e-14  0.80000000001071  0.19999999998922  
 0.0190625   300.00000003415  8.9080275145921e-14  0.80000000001071  0.19999999998922  
 0.019375   300.00000003415  8.9080275145921e-14  0.80000000001071  0.19999999998922  
 0.0196875   300.00000003415  8.9080275145921e-14  0.80000000001071  0.19999999998922  
 0.02   300  0  0.8  0.2  
