# TIME: 0.00224
#  x     Variables:...

 0   1000  0  0.8  0.2  
 0.0003125   1170.5433690765  0.0072279041582029  0.99204411420184  0.00072883841216531  
 0.000625   1125.93824794  0.0031132720758257  0.996792419613  9.4360872724239e-05  
 0.0009375   1046.4661457535  0.0013065691722431  0.9985948446054  9.8613769850953e-05  
 0.00125   948.62237923028  0.00083463388161109  0.99895827763629  0.00020709413690488  
 0.0015625   723.59350102566  9.261900251576e-05  0.90565890857171  0.094248434302034  
 0.001875   457.75015774707  4.9242987905871e-07  0.82975480870075  0.17024469884367  
 0.0021875   348.01820106039  2.3222339696206e-09  0.80723770229813  0.19276229537957  
 0.0025   312.92511955761  8.131824150721e-12  0.80156443268202  0.19843556730985  
 0.0028125   303.19225867351  1.6056051773448e-13  0.8003065104125  0.19969348958735  
 0.003125   300.73390589249  9.870555427451e-14  0.80005495970293  0.19994504029698  
 0.0034375   300.15812056017  9.1062149890317e-14  0.80000907397834  0.19999092602159  
 0.00375   300.03206458335  8.947886917807e-14  0.80000138689476  0.19999861310517  
 0.0040625   300.00613973949  8.9156489134771e-14  0.80000019726096  0.19999980273898  
 0.004375   300.00111288479  8.9094088063485e-14  0.80000002625435  0.19999997374559  
 0.0046875   300.0001913882  8.908265052486e-14  0.80000000330654  0.1999999966934  
 0.005   300.00003134495  8.9080663852646e-14  0.80000000041886  0.19999999958109  
 0.0053125   300.00000496333  8.9080336333995e-14  0.80000000007674  0.19999999992321  
 0.005625   300.00000082923  8.9080285007464e-14  0.80000000003845  0.1999999999615  
 0.0059375   300.00000021244  8.908027734961e-14  0.80000000003439  0.19999999996557  
 0.00625   300.00000012469  8.9080276260207e-14  0.80000000003399  0.19999999996597  
 0.0065625   300.00000011277  8.9080276112213e-14  0.80000000003396  0.19999999996601  
 0.006875   300.00000011123  8.9080276092984e-14  0.80000000003396  0.19999999996601  
 0.0071875   300.00000011103  8.908027609059e-14  0.80000000003396  0.19999999996601  
 0.0075   300.00000011101  8.9080276090288e-14  0.80000000003396  0.19999999996601  
 0.0078125   300.00000011101  8.9080276090284e-14  0.80000000003396  0.19999999996601  
 0.008125   300.00000011101  8.9080276090284e-14  0.80000000003396  0.19999999996601  
 0.0084375   300.00000011101  8.9080276090284e-14  0.80000000003396  0.19999999996601  
 0.00875   300.00000011101  8.9080276090284e-14  0.80000000003396  0.19999999996601  
 0.0090625   300.00000011101  8.9080276090284e-14  0.80000000003396  0.19999999996601  
 0.009375   300.00000011101  8.9080276090284e-14  0.80000000003396  0.19999999996601  
 0.0096875   300.00000011101  8.9080276090284e-14  0.80000000003396  0.19999999996601  
 0.01   300.00000011101  8.9080276090284e-14  0.80000000003396  0.19999999996601  
 0.0103125   300.00000011101  8.9080276090284e-14  0.80000000003396  0.19999999996601  
 0.010625   300.00000011101  8.9080276090284e-14  0.80000000003396  0.19999999996601  
 0.0109375   300.00000011101  8.9080276090284e-14  0.80000000003396  0.19999999996601  
 0.01125   300.00000011101  8.9080276090284e-14  0.80000000003396  0.19999999996601  
 0.0115625   300.00000011101  8.9080276090284e-14  0.80000000003396  0.19999999996601  
 0.011875   300.00000011101  8.9080276090284e-14  0.80000000003396  0.19999999996601  
 0.0121875   300.00000011101  8.9080276090284e-14  0.80000000003396  0.19999999996601  
 0.0125   300.00000011101  8.9080276090284e-14  0.80000000003396  0.19999999996601  
 0.0128125   300.00000011101  8.9080276090284e-14  0.80000000003396  0.19999999996601  
 0.013125   300.00000011101  8.9080276090284e-14  0.80000000003396  0.19999999996601  
 0.0134375   300.00000011101  8.9080276090284e-14  0.80000000003396  0.19999999996601  
 0.01375   300.00000011101  8.9080276090284e-14  0.80000000003396  0.19999999996601  
 0.0140625   300.00000011101  8.9080276090284e-14  0.80000000003396  0.19999999996601  
 0.014375   300.00000011101  8.9080276090284e-14  0.80000000003396  0.19999999996601  
 0.0146875   300.00000011101  8.9080276090284e-14  0.80000000003396  0.19999999996601  
 0.015   300.00000011101  8.9080276090284e-14  0.80000000003396  0.19999999996601  
 0.0153125   300.00000011101  8.9080276090284e-14  0.80000000003396  0.19999999996601  
 0.015625   300.00000011101  8.9080276090284e-14  0.80000000003396  0.19999999996601  
 0.0159375   300.00000011101  8.9080276090284e-14  0.80000000003396  0.19999999996601  
 0.01625   300.00000011101  8.9080276090284e-14  0.80000000003396  0.19999999996601  
 0.0165625   300.00000011101  8.9080276090284e-14  0.80000000003396  0.19999999996601  
 0.016875   300.00000011101  8.9080276090284e-14  0.80000000003396  0.19999999996601  
 0.0171875   300.00000011101  8.9080276090284e-14  0.80000000003396  0.19999999996601  
 0.0175   300.00000011101  8.9080276090284e-14  0.80000000003396  0.19999999996601  
 0.0178125   300.00000011101  8.9080276090284e-14  0.80000000003396  0.19999999996601  
 0.018125   300.00000011101  8.9080276090284e-14  0.80000000003396  0.19999999996601  
 0.0184375   300.00000011101  8.9080276090284e-14  0.80000000003396  0.19999999996601  
 0.01875   300.00000011101  8.9080276090284e-14  0.80000000003396  0.19999999996601  
 0.0190625   300.00000011101  8.9080276090284e-14  0.80000000003396  0.19999999996601  
 0.019375   300.00000011101  8.9080276090284e-14  0.80000000003396  0.19999999996601  
 0.0196875   300.00000011101  8.9080276090284e-14  0.80000000003396  0.19999999996601  
 0.02   300  0  0.8  0.2  
