# TIME: 0.00266
#  x     Variables:...

 0   1000  0  0.8  0.2  
 0.0003125   1179.301316623  0.0075691271188479  0.99174286663312  0.00068907750731909  
 0.000625   1149.053960666  0.0034802257526925  0.99643567002253  8.4157241393398e-05  
 0.0009375   1083.5308521602  0.0015621606504638  0.99835938359107  7.8483368980942e-05  
 0.00125   1002.9590170431  0.00072252453972292  0.99917889290252  9.8601478067759e-05  
 0.0015625   924.40967120043  0.00072862571593447  0.99902037415657  0.00025099120214558  
 0.001875   672.43124525311  3.6408774444584e-05  0.89213155901784  0.1078320070874  
 0.0021875   441.26866457792  2.0691704702794e-07  0.82724788531758  0.17275190775467  
 0.0025   344.898852415  9.7192272797332e-10  0.80709256498653  0.19290743404152  
 0.0028125   312.88192974335  3.7033269303836e-12  0.80168390710671  0.19831609288959  
 0.003125   303.42171238588  1.5225360744319e-13  0.80036810474402  0.19963189525584  
 0.0034375   300.84944049564  1.0025616466785e-13  0.80007437294022  0.1999256270597  
 0.00375   300.1981924657  9.1569821896125e-14  0.80001394418436  0.19998605581557  
 0.0040625   300.04364827774  8.9623070646651e-14  0.80000243666543  0.1999975633345  
 0.004375   300.00910459252  8.9193275974479e-14  0.80000039853061  0.19999960146933  
 0.0046875   300.00180375788  8.9102657951769e-14  0.80000006126685  0.19999993873309  
 0.005   300.00034024024  8.908449743045e-14  0.80000000890906  0.19999999109088  
 0.0053125   300.00006129366  8.9081035545269e-14  0.80000000125523  0.19999999874471  
 0.005625   300.00001063783  8.9080406772059e-14  0.80000000019813  0.19999999980182  
 0.0059375   300.00000185818  8.9080297779352e-14  0.80000000005977  0.19999999994018  
 0.00625   300.00000040363  8.9080279720782e-14  0.80000000004257  0.19999999995739  
 0.0065625   300.00000017297  8.9080276856894e-14  0.80000000004054  0.19999999995943  
 0.006875   300.00000013791  8.9080276421598e-14  0.80000000004032  0.19999999995966  
 0.0071875   300.0000001328  8.9080276358099e-14  0.8000000000403  0.19999999995968  
 0.0075   300.00000013208  8.9080276349198e-14  0.8000000000403  0.19999999995968  
 0.0078125   300.00000013198  8.9080276347998e-14  0.8000000000403  0.19999999995968  
 0.008125   300.00000013197  8.9080276347838e-14  0.8000000000403  0.19999999995968  
 0.0084375   300.00000013197  8.9080276347837e-14  0.8000000000403  0.19999999995968  
 0.00875   300.00000013197  8.9080276347837e-14  0.8000000000403  0.19999999995968  
 0.0090625   300.00000013197  8.9080276347837e-14  0.8000000000403  0.19999999995968  
 0.009375   300.00000013197  8.9080276347837e-14  0.8000000000403  0.19999999995968  
 0.0096875   300.00000013197  8.9080276347837e-14  0.8000000000403  0.19999999995968  
 0.01   300.00000013197  8.9080276347837e-14  0.8000000000403  0.19999999995968  
 0.0103125   300.00000013197  8.9080276347837e-14  0.8000000000403  0.19999999995968  
 0.010625   300.00000013197  8.9080276347837e-14  0.8000000000403  0.19999999995968  
 0.0109375   300.00000013197  8.9080276347837e-14  0.8000000000403  0.19999999995968  
 0.01125   300.00000013197  8.9080276347837e-14  0.8000000000403  0.19999999995968  
 0.0115625   300.00000013197  8.9080276347837e-14  0.8000000000403  0.19999999995968  
 0.011875   300.00000013197  8.9080276347837e-14  0.8000000000403  0.19999999995968  
 0.0121875   300.00000013197  8.9080276347837e-14  0.8000000000403  0.19999999995968  
 0.0125   300.00000013197  8.9080276347837e-14  0.8000000000403  0.19999999995968  
 0.0128125   300.00000013197  8.9080276347837e-14  0.8000000000403  0.19999999995968  
 0.013125   300.00000013197  8.9080276347837e-14  0.8000000000403  0.19999999995968  
 0.0134375   300.00000013197  8.9080276347837e-14  0.8000000000403  0.19999999995968  
 0.01375   300.00000013197  8.9080276347837e-14  0.8000000000403  0.19999999995968  
 0.0140625   300.00000013197  8.9080276347837e-14  0.8000000000403  0.19999999995968  
 0.014375   300.00000013197  8.9080276347837e-14  0.8000000000403  0.19999999995968  
 0.0146875   300.00000013197  8.9080276347837e-14  0.8000000000403  0.19999999995968  
 0.015   300.00000013197  8.9080276347837e-14  0.8000000000403  0.19999999995968  
 0.0153125   300.00000013197  8.9080276347837e-14  0.8000000000403  0.19999999995968  
 0.015625   300.00000013197  8.9080276347837e-14  0.8000000000403  0.19999999995968  
 0.0159375   300.00000013197  8.9080276347837e-14  0.8000000000403  0.19999999995968  
 0.01625   300.00000013197  8.9080276347837e-14  0.8000000000403  0.19999999995968  
 0.0165625   300.00000013197  8.9080276347837e-14  0.8000000000403  0.19999999995968  
 0.016875   300.00000013197  8.9080276347837e-14  0.8000000000403  0.19999999995968  
 0.0171875   300.00000013197  8.9080276347837e-14  0.8000000000403  0.19999999995968  
 0.0175   300.00000013197  8.9080276347837e-14  0.8000000000403  0.19999999995968  
 0.0178125   300.00000013197  8.9080276347837e-14  0.8000000000403  0.19999999995968  
 0.018125   300.00000013197  8.9080276347837e-14  0.8000000000403  0.19999999995968  
 0.0184375   300.00000013197  8.9080276347837e-14  0.8000000000403  0.19999999995968  
 0.01875   300.00000013197  8.9080276347837e-14  0.8000000000403  0.19999999995968  
 0.0190625   300.00000013197  8.9080276347837e-14  0.8000000000403  0.19999999995968  
 0.019375   300.00000013197  8.9080276347837e-14  0.8000000000403  0.19999999995968  
 0.0196875   300.00000013197  8.9080276347837e-14  0.8000000000403  0.19999999995968  
 0.02   300  0  0.8  0.2  
